# X Y Z
1	0.00 0 0
2	5.00 0 0
3	10.00 0 0
4	15.00 0 0
5	20.00 0 0
6	25.00 0 0
7	30.00 0 0
8	35.00 0 0
9	40.00 0 0
10	45.00 0 0
11	50.00 0 0
12	55.00 0 0
13	60.00 0 0
14	65.00 0 0
15	70.00 0 0
16	75.00 0 0
17	80.00 0 0
18	85.00 0 0
19	90.00 0 0
20	95.00 0 0
21	100.00 0 0
22	105.00 0 0
23	110.00 0 0
24	115.00 0 0
25	120.00 0 0
26	125.00 0 0
27	130.00 0 0
28	135.00 0 0
29	140.00 0 0
30	145.00 0 0
31	150.00 0 0
32	155.00 0 0
33	160.00 0 0
34	165.00 0 0
35	170.00 0 0
36	175.00 0 0
37	180.00 0 0
38	185.00 0 0
39	190.00 0 0
40	195.00 0 0
41	200.00 0 0
42	205.00 0 0
43	210.00 0 0
44	215.00 0 0
45	220.00 0 0
46	225.00 0 0
47	230.00 0 0
48	235.00 0 0
# A B M N
1	1	2	12	11
2	1	2	10	9
3	1	2	8	7
4	1	2	6	5
5	1	2	4	3
6	2	3	13	12
7	2	3	11	10
8	2	3	9	8
9	2	3	7	6
10	2	3	5	4
11	1	4	24	21
12	1	4	22	19
13	1	4	20	17
14	1	4	18	15
15	1	4	16	13
16	1	4	14	11
17	3	4	14	13
18	3	4	12	11
19	3	4	10	9
20	3	4	8	7
21	3	4	6	5
22	2	5	25	22
23	2	5	23	20
24	2	5	21	18
25	2	5	19	16
26	2	5	17	14
27	2	5	15	12
28	4	5	15	14
29	4	5	13	12
30	4	5	11	10
31	4	5	9	8
32	4	5	7	6
33	1	6	34	29
34	1	6	32	27
35	1	6	30	25
36	1	6	28	23
37	1	6	26	21
38	3	6	26	23
39	3	6	24	21
40	3	6	22	19
41	3	6	20	17
42	3	6	18	15
43	3	6	16	13
44	5	6	16	15
45	5	6	14	13
46	5	6	12	11
47	5	6	10	9
48	5	6	8	7
49	2	7	35	30
50	2	7	33	28
51	2	7	31	26
52	2	7	29	24
53	2	7	27	22
54	4	7	27	24
55	4	7	25	22
56	4	7	23	20
57	4	7	21	18
58	4	7	19	16
59	4	7	17	14
60	6	7	17	16
61	6	7	15	14
62	6	7	13	12
63	6	7	11	10
64	6	7	9	8
65	1	8	44	37
66	1	8	42	35
67	1	8	40	33
68	1	8	38	31
69	1	8	36	29
70	3	8	36	31
71	3	8	34	29
72	3	8	32	27
73	3	8	30	25
74	3	8	28	23
75	5	8	28	25
76	5	8	26	23
77	5	8	24	21
78	5	8	22	19
79	5	8	20	17
80	5	8	18	15
81	7	8	18	17
82	7	8	16	15
83	7	8	14	13
84	7	8	12	11
85	7	8	10	9
86	2	9	45	38
87	2	9	43	36
88	2	9	41	34
89	2	9	39	32
90	2	9	37	30
91	4	9	37	32
92	4	9	35	30
93	4	9	33	28
94	4	9	31	26
95	4	9	29	24
96	6	9	29	26
97	6	9	27	24
98	6	9	25	22
99	6	9	23	20
100	6	9	21	18
101	6	9	19	16
102	8	9	19	18
103	8	9	17	16
104	8	9	15	14
105	8	9	13	12
106	8	9	11	10
107	3	10	46	39
108	3	10	44	37
109	3	10	42	35
110	3	10	40	33
111	3	10	38	31
112	5	10	38	33
113	5	10	36	31
114	5	10	34	29
115	5	10	32	27
116	5	10	30	25
117	7	10	30	27
118	7	10	28	25
119	7	10	26	23
120	7	10	24	21
121	7	10	22	19
122	7	10	20	17
123	9	10	20	19
124	9	10	18	17
125	9	10	16	15
126	9	10	14	13
127	9	10	12	11
128	4	11	47	40
129	4	11	45	38
130	4	11	43	36
131	4	11	41	34
132	4	11	39	32
133	6	11	39	34
134	6	11	37	32
135	6	11	35	30
136	6	11	33	28
137	6	11	31	26
138	8	11	31	28
139	8	11	29	26
140	8	11	27	24
141	8	11	25	22
142	8	11	23	20
143	8	11	21	18
144	10	11	21	20
145	10	11	19	18
146	10	11	17	16
147	10	11	15	14
148	10	11	13	12
149	5	12	48	41
150	5	12	46	39
151	5	12	44	37
152	5	12	42	35
153	5	12	40	33
154	7	12	40	35
155	7	12	38	33
156	7	12	36	31
157	7	12	34	29
158	7	12	32	27
159	9	12	32	29
160	9	12	30	27
161	9	12	28	25
162	9	12	26	23
163	9	12	24	21
164	9	12	22	19
165	11	12	22	21
166	11	12	20	19
167	11	12	18	17
168	11	12	16	15
169	11	12	14	13
170	6	13	47	40
171	6	13	45	38
172	6	13	43	36
173	6	13	41	34
174	8	13	41	36
175	8	13	39	34
176	8	13	37	32
177	8	13	35	30
178	8	13	33	28
179	10	13	33	30
180	10	13	31	28
181	10	13	29	26
182	10	13	27	24
183	10	13	25	22
184	10	13	23	20
185	12	13	23	22
186	12	13	21	20
187	12	13	19	18
188	12	13	17	16
189	12	13	15	14
190	7	14	48	41
191	7	14	46	39
192	7	14	44	37
193	7	14	42	35
194	9	14	42	37
195	9	14	40	35
196	9	14	38	33
197	9	14	36	31
198	9	14	34	29
199	11	14	34	31
200	11	14	32	29
201	11	14	30	27
202	11	14	28	25
203	11	14	26	23
204	11	14	24	21
205	13	14	24	23
206	13	14	22	21
207	13	14	20	19
208	13	14	18	17
209	13	14	16	15
210	8	15	47	40
211	8	15	45	38
212	8	15	43	36
213	10	15	43	38
214	10	15	41	36
215	10	15	39	34
216	10	15	37	32
217	10	15	35	30
218	12	15	35	32
219	12	15	33	30
220	12	15	31	28
221	12	15	29	26
222	12	15	27	24
223	12	15	25	22
224	14	15	25	24
225	14	15	23	22
226	14	15	21	20
227	14	15	19	18
228	14	15	17	16
229	9	16	48	41
230	9	16	46	39
231	9	16	44	37
232	11	16	44	39
233	11	16	42	37
234	11	16	40	35
235	11	16	38	33
236	11	16	36	31
237	13	16	36	33
238	13	16	34	31
239	13	16	32	29
240	13	16	30	27
241	13	16	28	25
242	13	16	26	23
243	15	16	26	25
244	15	16	24	23
245	15	16	22	21
246	15	16	20	19
247	15	16	18	17
248	10	17	47	40
249	10	17	45	38
250	12	17	45	40
251	12	17	43	38
252	12	17	41	36
253	12	17	39	34
254	12	17	37	32
255	14	17	37	34
256	14	17	35	32
257	14	17	33	30
258	14	17	31	28
259	14	17	29	26
260	14	17	27	24
261	16	17	27	26
262	16	17	25	24
263	16	17	23	22
264	16	17	21	20
265	16	17	19	18
266	11	18	48	41
267	11	18	46	39
268	13	18	46	41
269	13	18	44	39
270	13	18	42	37
271	13	18	40	35
272	13	18	38	33
273	15	18	38	35
274	15	18	36	33
275	15	18	34	31
276	15	18	32	29
277	15	18	30	27
278	15	18	28	25
279	17	18	28	27
280	17	18	26	25
281	17	18	24	23
282	17	18	22	21
283	17	18	20	19
284	12	19	47	40
285	14	19	47	42
286	14	19	45	40
287	14	19	43	38
288	14	19	41	36
289	14	19	39	34
290	16	19	39	36
291	16	19	37	34
292	16	19	35	32
293	16	19	33	30
294	16	19	31	28
295	16	19	29	26
296	18	19	29	28
297	18	19	27	26
298	18	19	25	24
299	18	19	23	22
300	18	19	21	20
301	13	20	48	41
302	15	20	48	43
303	15	20	46	41
304	15	20	44	39
305	15	20	42	37
306	15	20	40	35
307	17	20	40	37
308	17	20	38	35
309	17	20	36	33
310	17	20	34	31
311	17	20	32	29
312	17	20	30	27
313	19	20	30	29
314	19	20	28	27
315	19	20	26	25
316	19	20	24	23
317	19	20	22	21
318	16	21	47	42
319	16	21	45	40
320	16	21	43	38
321	16	21	41	36
322	18	21	41	38
323	18	21	39	36
324	18	21	37	34
325	18	21	35	32
326	18	21	33	30
327	18	21	31	28
328	20	21	31	30
329	20	21	29	28
330	20	21	27	26
331	20	21	25	24
332	20	21	23	22
333	17	22	48	43
334	17	22	46	41
335	17	22	44	39
336	17	22	42	37
337	19	22	42	39
338	19	22	40	37
339	19	22	38	35
340	19	22	36	33
341	19	22	34	31
342	19	22	32	29
343	21	22	32	31
344	21	22	30	29
345	21	22	28	27
346	21	22	26	25
347	21	22	24	23
348	18	23	47	42
349	18	23	45	40
350	18	23	43	38
351	20	23	43	40
352	20	23	41	38
353	20	23	39	36
354	20	23	37	34
355	20	23	35	32
356	20	23	33	30
357	22	23	33	32
358	22	23	31	30
359	22	23	29	28
360	22	23	27	26
361	22	23	25	24
362	19	24	48	43
363	19	24	46	41
364	19	24	44	39
365	21	24	44	41
366	21	24	42	39
367	21	24	40	37
368	21	24	38	35
369	21	24	36	33
370	21	24	34	31
371	23	24	34	33
372	23	24	32	31
373	23	24	30	29
374	23	24	28	27
375	23	24	26	25
376	20	25	47	42
377	20	25	45	40
378	22	25	45	42
379	22	25	43	40
380	22	25	41	38
381	22	25	39	36
382	22	25	37	34
383	22	25	35	32
384	24	25	35	34
385	24	25	33	32
386	24	25	31	30
387	24	25	29	28
388	24	25	27	26
389	21	26	48	43
390	21	26	46	41
391	23	26	46	43
392	23	26	44	41
393	23	26	42	39
394	23	26	40	37
395	23	26	38	35
396	23	26	36	33
397	25	26	36	35
398	25	26	34	33
399	25	26	32	31
400	25	26	30	29
401	25	26	28	27
402	22	27	47	42
403	24	27	47	44
404	24	27	45	42
405	24	27	43	40
406	24	27	41	38
407	24	27	39	36
408	24	27	37	34
409	26	27	37	36
410	26	27	35	34
411	26	27	33	32
412	26	27	31	30
413	26	27	29	28
414	23	28	48	43
415	25	28	48	45
416	25	28	46	43
417	25	28	44	41
418	25	28	42	39
419	25	28	40	37
420	25	28	38	35
421	27	28	38	37
422	27	28	36	35
423	27	28	34	33
424	27	28	32	31
425	27	28	30	29
426	26	29	47	44
427	26	29	45	42
428	26	29	43	40
429	26	29	41	38
430	26	29	39	36
431	28	29	39	38
432	28	29	37	36
433	28	29	35	34
434	28	29	33	32
435	28	29	31	30
436	27	30	48	45
437	27	30	46	43
438	27	30	44	41
439	27	30	42	39
440	27	30	40	37
441	29	30	40	39
442	29	30	38	37
443	29	30	36	35
444	29	30	34	33
445	29	30	32	31
446	28	31	47	44
447	28	31	45	42
448	28	31	43	40
449	28	31	41	38
450	30	31	41	40
451	30	31	39	38
452	30	31	37	36
453	30	31	35	34
454	30	31	33	32
455	29	32	48	45
456	29	32	46	43
457	29	32	44	41
458	29	32	42	39
459	31	32	42	41
460	31	32	40	39
461	31	32	38	37
462	31	32	36	35
463	31	32	34	33
464	30	33	47	44
465	30	33	45	42
466	30	33	43	40
467	32	33	43	42
468	32	33	41	40
469	32	33	39	38
470	32	33	37	36
471	32	33	35	34
472	31	34	48	45
473	31	34	46	43
474	31	34	44	41
475	33	34	44	43
476	33	34	42	41
477	33	34	40	39
478	33	34	38	37
479	33	34	36	35
480	32	35	47	44
481	32	35	45	42
482	34	35	45	44
483	34	35	43	42
484	34	35	41	40
485	34	35	39	38
486	34	35	37	36
487	33	36	48	45
488	33	36	46	43
489	35	36	46	45
490	35	36	44	43
491	35	36	42	41
492	35	36	40	39
493	35	36	38	37
494	34	37	47	44
495	36	37	47	46
496	36	37	45	44
497	36	37	43	42
498	36	37	41	40
499	36	37	39	38
500	35	38	48	45
501	37	38	48	47
502	37	38	46	45
503	37	38	44	43
504	37	38	42	41
505	37	38	40	39
506	38	39	47	46
507	38	39	45	44
508	38	39	43	42
509	38	39	41	40
510	39	40	48	47
511	39	40	46	45
512	39	40	44	43
513	39	40	42	41
514	40	41	47	46
515	40	41	45	44
516	40	41	43	42
517	41	42	48	47
518	41	42	46	45
519	41	42	44	43
520	42	43	47	46
521	42	43	45	44
522	43	44	48	47
523	43	44	46	45
524	44	45	47	46
525	45	46	48	47
