# X Y Z
1	0.00 0 0
2	5.00 0 0
3	10.00 0 0
4	15.00 0 0
5	20.00 0 0
6	25.00 0 0
7	30.00 0 0
8	35.00 0 0
9	40.00 0 0
10	45.00 0 0
11	50.00 0 0
12	55.00 0 0
13	60.00 0 0
14	65.00 0 0
15	70.00 0 0
16	75.00 0 0
17	80.00 0 0
18	85.00 0 0
19	90.00 0 0
20	95.00 0 0
21	100.00 0 0
22	105.00 0 0
23	110.00 0 0
24	115.00 0 0
25	120.00 0 0
26	125.00 0 0
27	130.00 0 0
28	135.00 0 0
29	140.00 0 0
30	145.00 0 0
31	150.00 0 0
32	155.00 0 0
33	160.00 0 0
34	165.00 0 0
35	170.00 0 0
36	175.00 0 0
37	180.00 0 0
38	185.00 0 0
39	190.00 0 0
40	195.00 0 0
41	200.00 0 0
42	205.00 0 0
43	210.00 0 0
44	215.00 0 0
45	220.00 0 0
46	225.00 0 0
47	230.00 0 0
48	235.00 0 0
# A B M N
1	1	0	32	47
2	1	0	30	45
3	1	0	28	43
4	1	0	26	41
5	1	0	24	39
6	1	0	22	37
7	1	0	20	35
8	1	0	18	33
9	1	0	23	28
10	1	0	21	26
11	1	0	19	24
12	1	0	17	22
13	1	0	15	20
14	1	0	13	18
15	1	0	11	16
16	1	0	9	14
17	1	0	11	12
18	1	0	9	10
19	1	0	8	9
20	1	0	7	8
21	1	0	6	7
22	1	0	5	6
23	1	0	4	5
24	1	0	3	4
25	1	0	2	3
26	2	0	33	48
27	2	0	31	46
28	2	0	29	44
29	2	0	27	42
30	2	0	25	40
31	2	0	23	38
32	2	0	21	36
33	2	0	19	34
34	2	0	24	29
35	2	0	22	27
36	2	0	20	25
37	2	0	18	23
38	2	0	16	21
39	2	0	14	19
40	2	0	12	17
41	2	0	10	15
42	2	0	12	13
43	2	0	10	11
44	2	0	9	10
45	2	0	8	9
46	2	0	7	8
47	2	0	6	7
48	2	0	5	6
49	2	0	4	5
50	2	0	3	4
51	3	0	32	47
52	3	0	30	45
53	3	0	28	43
54	3	0	26	41
55	3	0	24	39
56	3	0	22	37
57	3	0	20	35
58	3	0	25	30
59	3	0	23	28
60	3	0	21	26
61	3	0	19	24
62	3	0	17	22
63	3	0	15	20
64	3	0	13	18
65	3	0	11	16
66	3	0	13	14
67	3	0	11	12
68	3	0	10	11
69	3	0	9	10
70	3	0	8	9
71	3	0	7	8
72	3	0	6	7
73	3	0	5	6
74	3	0	4	5
75	4	0	33	48
76	4	0	31	46
77	4	0	29	44
78	4	0	27	42
79	4	0	25	40
80	4	0	23	38
81	4	0	21	36
82	4	0	26	31
83	4	0	24	29
84	4	0	22	27
85	4	0	20	25
86	4	0	18	23
87	4	0	16	21
88	4	0	14	19
89	4	0	12	17
90	4	0	14	15
91	4	0	12	13
92	4	0	11	12
93	4	0	10	11
94	4	0	9	10
95	4	0	8	9
96	4	0	7	8
97	4	0	6	7
98	4	0	5	6
99	5	0	32	47
100	5	0	30	45
101	5	0	28	43
102	5	0	26	41
103	5	0	24	39
104	5	0	22	37
105	5	0	27	32
106	5	0	25	30
107	5	0	23	28
108	5	0	21	26
109	5	0	19	24
110	5	0	17	22
111	5	0	15	20
112	5	0	13	18
113	5	0	15	16
114	5	0	13	14
115	5	0	12	13
116	5	0	11	12
117	5	0	10	11
118	5	0	9	10
119	5	0	8	9
120	5	0	7	8
121	5	0	6	7
122	6	0	33	48
123	6	0	31	46
124	6	0	29	44
125	6	0	27	42
126	6	0	25	40
127	6	0	23	38
128	6	0	28	33
129	6	0	26	31
130	6	0	24	29
131	6	0	22	27
132	6	0	20	25
133	6	0	18	23
134	6	0	16	21
135	6	0	14	19
136	6	0	16	17
137	6	0	14	15
138	6	0	13	14
139	6	0	12	13
140	6	0	11	12
141	6	0	10	11
142	6	0	9	10
143	6	0	8	9
144	6	0	7	8
145	7	0	32	47
146	7	0	30	45
147	7	0	28	43
148	7	0	26	41
149	7	0	24	39
150	7	0	29	34
151	7	0	27	32
152	7	0	25	30
153	7	0	23	28
154	7	0	21	26
155	7	0	19	24
156	7	0	17	22
157	7	0	15	20
158	7	0	17	18
159	7	0	15	16
160	7	0	14	15
161	7	0	13	14
162	7	0	12	13
163	7	0	11	12
164	7	0	10	11
165	7	0	9	10
166	7	0	8	9
167	8	0	33	48
168	8	0	31	46
169	8	0	29	44
170	8	0	27	42
171	8	0	25	40
172	8	0	30	35
173	8	0	28	33
174	8	0	26	31
175	8	0	24	29
176	8	0	22	27
177	8	0	20	25
178	8	0	18	23
179	8	0	16	21
180	8	0	18	19
181	8	0	16	17
182	8	0	15	16
183	8	0	14	15
184	8	0	13	14
185	8	0	12	13
186	8	0	11	12
187	8	0	10	11
188	8	0	9	10
189	9	0	32	47
190	9	0	30	45
191	9	0	28	43
192	9	0	26	41
193	9	0	31	36
194	9	0	29	34
195	9	0	27	32
196	9	0	25	30
197	9	0	23	28
198	9	0	21	26
199	9	0	19	24
200	9	0	17	22
201	9	0	19	20
202	9	0	17	18
203	9	0	16	17
204	9	0	15	16
205	9	0	14	15
206	9	0	13	14
207	9	0	12	13
208	9	0	11	12
209	9	0	10	11
210	10	0	33	48
211	10	0	31	46
212	10	0	29	44
213	10	0	27	42
214	10	0	32	37
215	10	0	30	35
216	10	0	28	33
217	10	0	26	31
218	10	0	24	29
219	10	0	22	27
220	10	0	20	25
221	10	0	18	23
222	10	0	20	21
223	10	0	18	19
224	10	0	17	18
225	10	0	16	17
226	10	0	15	16
227	10	0	14	15
228	10	0	13	14
229	10	0	12	13
230	10	0	11	12
231	11	0	32	47
232	11	0	30	45
233	11	0	28	43
234	11	0	33	38
235	11	0	31	36
236	11	0	29	34
237	11	0	27	32
238	11	0	25	30
239	11	0	23	28
240	11	0	21	26
241	11	0	19	24
242	11	0	21	22
243	11	0	19	20
244	11	0	18	19
245	11	0	17	18
246	11	0	16	17
247	11	0	15	16
248	11	0	14	15
249	11	0	13	14
250	11	0	12	13
251	12	0	33	48
252	12	0	31	46
253	12	0	29	44
254	12	0	34	39
255	12	0	32	37
256	12	0	30	35
257	12	0	28	33
258	12	0	26	31
259	12	0	24	29
260	12	0	22	27
261	12	0	20	25
262	12	0	22	23
263	12	0	20	21
264	12	0	19	20
265	12	0	18	19
266	12	0	17	18
267	12	0	16	17
268	12	0	15	16
269	12	0	14	15
270	12	0	13	14
271	13	0	32	47
272	13	0	30	45
273	13	0	35	40
274	13	0	33	38
275	13	0	31	36
276	13	0	29	34
277	13	0	27	32
278	13	0	25	30
279	13	0	23	28
280	13	0	21	26
281	13	0	23	24
282	13	0	21	22
283	13	0	20	21
284	13	0	19	20
285	13	0	18	19
286	13	0	17	18
287	13	0	16	17
288	13	0	15	16
289	13	0	14	15
290	14	0	33	48
291	14	0	31	46
292	14	0	36	41
293	14	0	34	39
294	14	0	32	37
295	14	0	30	35
296	14	0	28	33
297	14	0	26	31
298	14	0	24	29
299	14	0	22	27
300	14	0	24	25
301	14	0	22	23
302	14	0	21	22
303	14	0	20	21
304	14	0	19	20
305	14	0	18	19
306	14	0	17	18
307	14	0	16	17
308	14	0	15	16
309	15	0	32	47
310	15	0	37	42
311	15	0	35	40
312	15	0	33	38
313	15	0	31	36
314	15	0	29	34
315	15	0	27	32
316	15	0	25	30
317	15	0	23	28
318	15	0	25	26
319	15	0	23	24
320	15	0	22	23
321	15	0	21	22
322	15	0	20	21
323	15	0	19	20
324	15	0	18	19
325	15	0	17	18
326	15	0	16	17
327	16	0	33	48
328	16	0	38	43
329	16	0	36	41
330	16	0	34	39
331	16	0	32	37
332	16	0	30	35
333	16	0	28	33
334	16	0	26	31
335	16	0	24	29
336	16	0	26	27
337	16	0	24	25
338	16	0	23	24
339	16	0	22	23
340	16	0	21	22
341	16	0	20	21
342	16	0	19	20
343	16	0	18	19
344	16	0	17	18
345	17	0	39	44
346	17	0	37	42
347	17	0	35	40
348	17	0	33	38
349	17	0	31	36
350	17	0	29	34
351	17	0	27	32
352	17	0	25	30
353	17	0	27	28
354	17	0	25	26
355	17	0	24	25
356	17	0	23	24
357	17	0	22	23
358	17	0	21	22
359	17	0	20	21
360	17	0	19	20
361	17	0	18	19
362	18	0	40	45
363	18	0	38	43
364	18	0	36	41
365	18	0	34	39
366	18	0	32	37
367	18	0	30	35
368	18	0	28	33
369	18	0	26	31
370	18	0	28	29
371	18	0	26	27
372	18	0	25	26
373	18	0	24	25
374	18	0	23	24
375	18	0	22	23
376	18	0	21	22
377	18	0	20	21
378	18	0	19	20
379	19	0	41	46
380	19	0	39	44
381	19	0	37	42
382	19	0	35	40
383	19	0	33	38
384	19	0	31	36
385	19	0	29	34
386	19	0	27	32
387	19	0	29	30
388	19	0	27	28
389	19	0	26	27
390	19	0	25	26
391	19	0	24	25
392	19	0	23	24
393	19	0	22	23
394	19	0	21	22
395	19	0	20	21
396	20	0	42	47
397	20	0	40	45
398	20	0	38	43
399	20	0	36	41
400	20	0	34	39
401	20	0	32	37
402	20	0	30	35
403	20	0	28	33
404	20	0	30	31
405	20	0	28	29
406	20	0	27	28
407	20	0	26	27
408	20	0	25	26
409	20	0	24	25
410	20	0	23	24
411	20	0	22	23
412	20	0	21	22
413	21	0	43	48
414	21	0	41	46
415	21	0	39	44
416	21	0	37	42
417	21	0	35	40
418	21	0	33	38
419	21	0	31	36
420	21	0	29	34
421	21	0	31	32
422	21	0	29	30
423	21	0	28	29
424	21	0	27	28
425	21	0	26	27
426	21	0	25	26
427	21	0	24	25
428	21	0	23	24
429	21	0	22	23
430	22	0	42	47
431	22	0	40	45
432	22	0	38	43
433	22	0	36	41
434	22	0	34	39
435	22	0	32	37
436	22	0	30	35
437	22	0	32	33
438	22	0	30	31
439	22	0	29	30
440	22	0	28	29
441	22	0	27	28
442	22	0	26	27
443	22	0	25	26
444	22	0	24	25
445	22	0	23	24
446	23	0	43	48
447	23	0	41	46
448	23	0	39	44
449	23	0	37	42
450	23	0	35	40
451	23	0	33	38
452	23	0	31	36
453	23	0	33	34
454	23	0	31	32
455	23	0	30	31
456	23	0	29	30
457	23	0	28	29
458	23	0	27	28
459	23	0	26	27
460	23	0	25	26
461	23	0	24	25
462	24	0	42	47
463	24	0	40	45
464	24	0	38	43
465	24	0	36	41
466	24	0	34	39
467	24	0	32	37
468	24	0	34	35
469	24	0	32	33
470	24	0	31	32
471	24	0	30	31
472	24	0	29	30
473	24	0	28	29
474	24	0	27	28
475	24	0	26	27
476	24	0	25	26
477	25	0	43	48
478	25	0	41	46
479	25	0	39	44
480	25	0	37	42
481	25	0	35	40
482	25	0	33	38
483	25	0	35	36
484	25	0	33	34
485	25	0	32	33
486	25	0	31	32
487	25	0	30	31
488	25	0	29	30
489	25	0	28	29
490	25	0	27	28
491	25	0	26	27
492	26	0	42	47
493	26	0	40	45
494	26	0	38	43
495	26	0	36	41
496	26	0	34	39
497	26	0	36	37
498	26	0	34	35
499	26	0	33	34
500	26	0	32	33
501	26	0	31	32
502	26	0	30	31
503	26	0	29	30
504	26	0	28	29
505	26	0	27	28
506	27	0	43	48
507	27	0	41	46
508	27	0	39	44
509	27	0	37	42
510	27	0	35	40
511	27	0	37	38
512	27	0	35	36
513	27	0	34	35
514	27	0	33	34
515	27	0	32	33
516	27	0	31	32
517	27	0	30	31
518	27	0	29	30
519	27	0	28	29
520	28	0	42	47
521	28	0	40	45
522	28	0	38	43
523	28	0	36	41
524	28	0	38	39
525	28	0	36	37
526	28	0	35	36
527	28	0	34	35
528	28	0	33	34
529	28	0	32	33
530	28	0	31	32
531	28	0	30	31
532	28	0	29	30
533	29	0	43	48
534	29	0	41	46
535	29	0	39	44
536	29	0	37	42
537	29	0	39	40
538	29	0	37	38
539	29	0	36	37
540	29	0	35	36
541	29	0	34	35
542	29	0	33	34
543	29	0	32	33
544	29	0	31	32
545	29	0	30	31
546	30	0	42	47
547	30	0	40	45
548	30	0	38	43
549	30	0	40	41
550	30	0	38	39
551	30	0	37	38
552	30	0	36	37
553	30	0	35	36
554	30	0	34	35
555	30	0	33	34
556	30	0	32	33
557	30	0	31	32
558	31	0	43	48
559	31	0	41	46
560	31	0	39	44
561	31	0	41	42
562	31	0	39	40
563	31	0	38	39
564	31	0	37	38
565	31	0	36	37
566	31	0	35	36
567	31	0	34	35
568	31	0	33	34
569	31	0	32	33
570	32	0	42	47
571	32	0	40	45
572	32	0	42	43
573	32	0	40	41
574	32	0	39	40
575	32	0	38	39
576	32	0	37	38
577	32	0	36	37
578	32	0	35	36
579	32	0	34	35
580	32	0	33	34
581	33	0	43	48
582	33	0	41	46
583	33	0	43	44
584	33	0	41	42
585	33	0	40	41
586	33	0	39	40
587	33	0	38	39
588	33	0	37	38
589	33	0	36	37
590	33	0	35	36
591	33	0	34	35
592	34	0	42	47
593	34	0	44	45
594	34	0	42	43
595	34	0	41	42
596	34	0	40	41
597	34	0	39	40
598	34	0	38	39
599	34	0	37	38
600	34	0	36	37
601	34	0	35	36
602	35	0	43	48
603	35	0	45	46
604	35	0	43	44
605	35	0	42	43
606	35	0	41	42
607	35	0	40	41
608	35	0	39	40
609	35	0	38	39
610	35	0	37	38
611	35	0	36	37
612	36	0	46	47
613	36	0	44	45
614	36	0	43	44
615	36	0	42	43
616	36	0	41	42
617	36	0	40	41
618	36	0	39	40
619	36	0	38	39
620	36	0	37	38
621	37	0	47	48
622	37	0	45	46
623	37	0	44	45
624	37	0	43	44
625	37	0	42	43
626	37	0	41	42
627	37	0	40	41
628	37	0	39	40
629	37	0	38	39
630	38	0	46	47
631	38	0	45	46
632	38	0	44	45
633	38	0	43	44
634	38	0	42	43
635	38	0	41	42
636	38	0	40	41
637	38	0	39	40
638	39	0	47	48
639	39	0	46	47
640	39	0	45	46
641	39	0	44	45
642	39	0	43	44
643	39	0	42	43
644	39	0	41	42
645	39	0	40	41
646	40	0	47	48
647	40	0	46	47
648	40	0	45	46
649	40	0	44	45
650	40	0	43	44
651	40	0	42	43
652	40	0	41	42
653	41	0	47	48
654	41	0	46	47
655	41	0	45	46
656	41	0	44	45
657	41	0	43	44
658	41	0	42	43
659	42	0	47	48
660	42	0	46	47
661	42	0	45	46
662	42	0	44	45
663	42	0	43	44
664	43	0	47	48
665	43	0	46	47
666	43	0	45	46
667	43	0	44	45
668	44	0	47	48
669	44	0	46	47
670	44	0	45	46
671	45	0	47	48
672	45	0	46	47
673	46	0	47	48
674	48	0	17	2
675	48	0	19	4
676	48	0	21	6
677	48	0	23	8
678	48	0	25	10
679	48	0	27	12
680	48	0	29	14
681	48	0	31	16
682	48	0	26	21
683	48	0	28	23
684	48	0	30	25
685	48	0	32	27
686	48	0	34	29
687	48	0	36	31
688	48	0	38	33
689	48	0	40	35
690	48	0	38	37
691	48	0	40	39
692	48	0	41	40
693	48	0	42	41
694	48	0	43	42
695	48	0	44	43
696	48	0	45	44
697	48	0	46	45
698	48	0	47	46
699	47	0	16	1
700	47	0	18	3
701	47	0	20	5
702	47	0	22	7
703	47	0	24	9
704	47	0	26	11
705	47	0	28	13
706	47	0	30	15
707	47	0	25	20
708	47	0	27	22
709	47	0	29	24
710	47	0	31	26
711	47	0	33	28
712	47	0	35	30
713	47	0	37	32
714	47	0	39	34
715	47	0	37	36
716	47	0	39	38
717	47	0	40	39
718	47	0	41	40
719	47	0	42	41
720	47	0	43	42
721	47	0	44	43
722	47	0	45	44
723	47	0	46	45
724	46	0	17	2
725	46	0	19	4
726	46	0	21	6
727	46	0	23	8
728	46	0	25	10
729	46	0	27	12
730	46	0	29	14
731	46	0	24	19
732	46	0	26	21
733	46	0	28	23
734	46	0	30	25
735	46	0	32	27
736	46	0	34	29
737	46	0	36	31
738	46	0	38	33
739	46	0	36	35
740	46	0	38	37
741	46	0	39	38
742	46	0	40	39
743	46	0	41	40
744	46	0	42	41
745	46	0	43	42
746	46	0	44	43
747	46	0	45	44
748	45	0	16	1
749	45	0	18	3
750	45	0	20	5
751	45	0	22	7
752	45	0	24	9
753	45	0	26	11
754	45	0	28	13
755	45	0	23	18
756	45	0	25	20
757	45	0	27	22
758	45	0	29	24
759	45	0	31	26
760	45	0	33	28
761	45	0	35	30
762	45	0	37	32
763	45	0	35	34
764	45	0	37	36
765	45	0	38	37
766	45	0	39	38
767	45	0	40	39
768	45	0	41	40
769	45	0	42	41
770	45	0	43	42
771	45	0	44	43
772	44	0	17	2
773	44	0	19	4
774	44	0	21	6
775	44	0	23	8
776	44	0	25	10
777	44	0	27	12
778	44	0	22	17
779	44	0	24	19
780	44	0	26	21
781	44	0	28	23
782	44	0	30	25
783	44	0	32	27
784	44	0	34	29
785	44	0	36	31
786	44	0	34	33
787	44	0	36	35
788	44	0	37	36
789	44	0	38	37
790	44	0	39	38
791	44	0	40	39
792	44	0	41	40
793	44	0	42	41
794	44	0	43	42
795	43	0	16	1
796	43	0	18	3
797	43	0	20	5
798	43	0	22	7
799	43	0	24	9
800	43	0	26	11
801	43	0	21	16
802	43	0	23	18
803	43	0	25	20
804	43	0	27	22
805	43	0	29	24
806	43	0	31	26
807	43	0	33	28
808	43	0	35	30
809	43	0	33	32
810	43	0	35	34
811	43	0	36	35
812	43	0	37	36
813	43	0	38	37
814	43	0	39	38
815	43	0	40	39
816	43	0	41	40
817	43	0	42	41
818	42	0	17	2
819	42	0	19	4
820	42	0	21	6
821	42	0	23	8
822	42	0	25	10
823	42	0	20	15
824	42	0	22	17
825	42	0	24	19
826	42	0	26	21
827	42	0	28	23
828	42	0	30	25
829	42	0	32	27
830	42	0	34	29
831	42	0	32	31
832	42	0	34	33
833	42	0	35	34
834	42	0	36	35
835	42	0	37	36
836	42	0	38	37
837	42	0	39	38
838	42	0	40	39
839	42	0	41	40
840	41	0	16	1
841	41	0	18	3
842	41	0	20	5
843	41	0	22	7
844	41	0	24	9
845	41	0	19	14
846	41	0	21	16
847	41	0	23	18
848	41	0	25	20
849	41	0	27	22
850	41	0	29	24
851	41	0	31	26
852	41	0	33	28
853	41	0	31	30
854	41	0	33	32
855	41	0	34	33
856	41	0	35	34
857	41	0	36	35
858	41	0	37	36
859	41	0	38	37
860	41	0	39	38
861	41	0	40	39
862	40	0	17	2
863	40	0	19	4
864	40	0	21	6
865	40	0	23	8
866	40	0	18	13
867	40	0	20	15
868	40	0	22	17
869	40	0	24	19
870	40	0	26	21
871	40	0	28	23
872	40	0	30	25
873	40	0	32	27
874	40	0	30	29
875	40	0	32	31
876	40	0	33	32
877	40	0	34	33
878	40	0	35	34
879	40	0	36	35
880	40	0	37	36
881	40	0	38	37
882	40	0	39	38
883	39	0	16	1
884	39	0	18	3
885	39	0	20	5
886	39	0	22	7
887	39	0	17	12
888	39	0	19	14
889	39	0	21	16
890	39	0	23	18
891	39	0	25	20
892	39	0	27	22
893	39	0	29	24
894	39	0	31	26
895	39	0	29	28
896	39	0	31	30
897	39	0	32	31
898	39	0	33	32
899	39	0	34	33
900	39	0	35	34
901	39	0	36	35
902	39	0	37	36
903	39	0	38	37
904	38	0	17	2
905	38	0	19	4
906	38	0	21	6
907	38	0	16	11
908	38	0	18	13
909	38	0	20	15
910	38	0	22	17
911	38	0	24	19
912	38	0	26	21
913	38	0	28	23
914	38	0	30	25
915	38	0	28	27
916	38	0	30	29
917	38	0	31	30
918	38	0	32	31
919	38	0	33	32
920	38	0	34	33
921	38	0	35	34
922	38	0	36	35
923	38	0	37	36
924	37	0	16	1
925	37	0	18	3
926	37	0	20	5
927	37	0	15	10
928	37	0	17	12
929	37	0	19	14
930	37	0	21	16
931	37	0	23	18
932	37	0	25	20
933	37	0	27	22
934	37	0	29	24
935	37	0	27	26
936	37	0	29	28
937	37	0	30	29
938	37	0	31	30
939	37	0	32	31
940	37	0	33	32
941	37	0	34	33
942	37	0	35	34
943	37	0	36	35
944	36	0	17	2
945	36	0	19	4
946	36	0	14	9
947	36	0	16	11
948	36	0	18	13
949	36	0	20	15
950	36	0	22	17
951	36	0	24	19
952	36	0	26	21
953	36	0	28	23
954	36	0	26	25
955	36	0	28	27
956	36	0	29	28
957	36	0	30	29
958	36	0	31	30
959	36	0	32	31
960	36	0	33	32
961	36	0	34	33
962	36	0	35	34
963	35	0	16	1
964	35	0	18	3
965	35	0	13	8
966	35	0	15	10
967	35	0	17	12
968	35	0	19	14
969	35	0	21	16
970	35	0	23	18
971	35	0	25	20
972	35	0	27	22
973	35	0	25	24
974	35	0	27	26
975	35	0	28	27
976	35	0	29	28
977	35	0	30	29
978	35	0	31	30
979	35	0	32	31
980	35	0	33	32
981	35	0	34	33
982	34	0	17	2
983	34	0	12	7
984	34	0	14	9
985	34	0	16	11
986	34	0	18	13
987	34	0	20	15
988	34	0	22	17
989	34	0	24	19
990	34	0	26	21
991	34	0	24	23
992	34	0	26	25
993	34	0	27	26
994	34	0	28	27
995	34	0	29	28
996	34	0	30	29
997	34	0	31	30
998	34	0	32	31
999	34	0	33	32
1000	33	0	16	1
1001	33	0	11	6
1002	33	0	13	8
1003	33	0	15	10
1004	33	0	17	12
1005	33	0	19	14
1006	33	0	21	16
1007	33	0	23	18
1008	33	0	25	20
1009	33	0	23	22
1010	33	0	25	24
1011	33	0	26	25
1012	33	0	27	26
1013	33	0	28	27
1014	33	0	29	28
1015	33	0	30	29
1016	33	0	31	30
1017	33	0	32	31
1018	32	0	10	5
1019	32	0	12	7
1020	32	0	14	9
1021	32	0	16	11
1022	32	0	18	13
1023	32	0	20	15
1024	32	0	22	17
1025	32	0	24	19
1026	32	0	22	21
1027	32	0	24	23
1028	32	0	25	24
1029	32	0	26	25
1030	32	0	27	26
1031	32	0	28	27
1032	32	0	29	28
1033	32	0	30	29
1034	32	0	31	30
1035	31	0	9	4
1036	31	0	11	6
1037	31	0	13	8
1038	31	0	15	10
1039	31	0	17	12
1040	31	0	19	14
1041	31	0	21	16
1042	31	0	23	18
1043	31	0	21	20
1044	31	0	23	22
1045	31	0	24	23
1046	31	0	25	24
1047	31	0	26	25
1048	31	0	27	26
1049	31	0	28	27
1050	31	0	29	28
1051	31	0	30	29
1052	30	0	8	3
1053	30	0	10	5
1054	30	0	12	7
1055	30	0	14	9
1056	30	0	16	11
1057	30	0	18	13
1058	30	0	20	15
1059	30	0	22	17
1060	30	0	20	19
1061	30	0	22	21
1062	30	0	23	22
1063	30	0	24	23
1064	30	0	25	24
1065	30	0	26	25
1066	30	0	27	26
1067	30	0	28	27
1068	30	0	29	28
1069	29	0	7	2
1070	29	0	9	4
1071	29	0	11	6
1072	29	0	13	8
1073	29	0	15	10
1074	29	0	17	12
1075	29	0	19	14
1076	29	0	21	16
1077	29	0	19	18
1078	29	0	21	20
1079	29	0	22	21
1080	29	0	23	22
1081	29	0	24	23
1082	29	0	25	24
1083	29	0	26	25
1084	29	0	27	26
1085	29	0	28	27
1086	28	0	6	1
1087	28	0	8	3
1088	28	0	10	5
1089	28	0	12	7
1090	28	0	14	9
1091	28	0	16	11
1092	28	0	18	13
1093	28	0	20	15
1094	28	0	18	17
1095	28	0	20	19
1096	28	0	21	20
1097	28	0	22	21
1098	28	0	23	22
1099	28	0	24	23
1100	28	0	25	24
1101	28	0	26	25
1102	28	0	27	26
1103	27	0	7	2
1104	27	0	9	4
1105	27	0	11	6
1106	27	0	13	8
1107	27	0	15	10
1108	27	0	17	12
1109	27	0	19	14
1110	27	0	17	16
1111	27	0	19	18
1112	27	0	20	19
1113	27	0	21	20
1114	27	0	22	21
1115	27	0	23	22
1116	27	0	24	23
1117	27	0	25	24
1118	27	0	26	25
1119	26	0	6	1
1120	26	0	8	3
1121	26	0	10	5
1122	26	0	12	7
1123	26	0	14	9
1124	26	0	16	11
1125	26	0	18	13
1126	26	0	16	15
1127	26	0	18	17
1128	26	0	19	18
1129	26	0	20	19
1130	26	0	21	20
1131	26	0	22	21
1132	26	0	23	22
1133	26	0	24	23
1134	26	0	25	24
1135	25	0	7	2
1136	25	0	9	4
1137	25	0	11	6
1138	25	0	13	8
1139	25	0	15	10
1140	25	0	17	12
1141	25	0	15	14
1142	25	0	17	16
1143	25	0	18	17
1144	25	0	19	18
1145	25	0	20	19
1146	25	0	21	20
1147	25	0	22	21
1148	25	0	23	22
1149	25	0	24	23
1150	24	0	6	1
1151	24	0	8	3
1152	24	0	10	5
1153	24	0	12	7
1154	24	0	14	9
1155	24	0	16	11
1156	24	0	14	13
1157	24	0	16	15
1158	24	0	17	16
1159	24	0	18	17
1160	24	0	19	18
1161	24	0	20	19
1162	24	0	21	20
1163	24	0	22	21
1164	24	0	23	22
1165	23	0	7	2
1166	23	0	9	4
1167	23	0	11	6
1168	23	0	13	8
1169	23	0	15	10
1170	23	0	13	12
1171	23	0	15	14
1172	23	0	16	15
1173	23	0	17	16
1174	23	0	18	17
1175	23	0	19	18
1176	23	0	20	19
1177	23	0	21	20
1178	23	0	22	21
1179	22	0	6	1
1180	22	0	8	3
1181	22	0	10	5
1182	22	0	12	7
1183	22	0	14	9
1184	22	0	12	11
1185	22	0	14	13
1186	22	0	15	14
1187	22	0	16	15
1188	22	0	17	16
1189	22	0	18	17
1190	22	0	19	18
1191	22	0	20	19
1192	22	0	21	20
1193	21	0	7	2
1194	21	0	9	4
1195	21	0	11	6
1196	21	0	13	8
1197	21	0	11	10
1198	21	0	13	12
1199	21	0	14	13
1200	21	0	15	14
1201	21	0	16	15
1202	21	0	17	16
1203	21	0	18	17
1204	21	0	19	18
1205	21	0	20	19
1206	20	0	6	1
1207	20	0	8	3
1208	20	0	10	5
1209	20	0	12	7
1210	20	0	10	9
1211	20	0	12	11
1212	20	0	13	12
1213	20	0	14	13
1214	20	0	15	14
1215	20	0	16	15
1216	20	0	17	16
1217	20	0	18	17
1218	20	0	19	18
1219	19	0	7	2
1220	19	0	9	4
1221	19	0	11	6
1222	19	0	9	8
1223	19	0	11	10
1224	19	0	12	11
1225	19	0	13	12
1226	19	0	14	13
1227	19	0	15	14
1228	19	0	16	15
1229	19	0	17	16
1230	19	0	18	17
1231	18	0	6	1
1232	18	0	8	3
1233	18	0	10	5
1234	18	0	8	7
1235	18	0	10	9
1236	18	0	11	10
1237	18	0	12	11
1238	18	0	13	12
1239	18	0	14	13
1240	18	0	15	14
1241	18	0	16	15
1242	18	0	17	16
1243	17	0	7	2
1244	17	0	9	4
1245	17	0	7	6
1246	17	0	9	8
1247	17	0	10	9
1248	17	0	11	10
1249	17	0	12	11
1250	17	0	13	12
1251	17	0	14	13
1252	17	0	15	14
1253	17	0	16	15
1254	16	0	6	1
1255	16	0	8	3
1256	16	0	6	5
1257	16	0	8	7
1258	16	0	9	8
1259	16	0	10	9
1260	16	0	11	10
1261	16	0	12	11
1262	16	0	13	12
1263	16	0	14	13
1264	16	0	15	14
1265	15	0	7	2
1266	15	0	5	4
1267	15	0	7	6
1268	15	0	8	7
1269	15	0	9	8
1270	15	0	10	9
1271	15	0	11	10
1272	15	0	12	11
1273	15	0	13	12
1274	15	0	14	13
1275	14	0	6	1
1276	14	0	4	3
1277	14	0	6	5
1278	14	0	7	6
1279	14	0	8	7
1280	14	0	9	8
1281	14	0	10	9
1282	14	0	11	10
1283	14	0	12	11
1284	14	0	13	12
1285	13	0	3	2
1286	13	0	5	4
1287	13	0	6	5
1288	13	0	7	6
1289	13	0	8	7
1290	13	0	9	8
1291	13	0	10	9
1292	13	0	11	10
1293	13	0	12	11
1294	12	0	2	1
1295	12	0	4	3
1296	12	0	5	4
1297	12	0	6	5
1298	12	0	7	6
1299	12	0	8	7
1300	12	0	9	8
1301	12	0	10	9
1302	12	0	11	10
1303	11	0	3	2
1304	11	0	4	3
1305	11	0	5	4
1306	11	0	6	5
1307	11	0	7	6
1308	11	0	8	7
1309	11	0	9	8
1310	11	0	10	9
1311	10	0	2	1
1312	10	0	3	2
1313	10	0	4	3
1314	10	0	5	4
1315	10	0	6	5
1316	10	0	7	6
1317	10	0	8	7
1318	10	0	9	8
1319	9	0	2	1
1320	9	0	3	2
1321	9	0	4	3
1322	9	0	5	4
1323	9	0	6	5
1324	9	0	7	6
1325	9	0	8	7
1326	8	0	2	1
1327	8	0	3	2
1328	8	0	4	3
1329	8	0	5	4
1330	8	0	6	5
1331	8	0	7	6
1332	7	0	2	1
1333	7	0	3	2
1334	7	0	4	3
1335	7	0	5	4
1336	7	0	6	5
1337	6	0	2	1
1338	6	0	3	2
1339	6	0	4	3
1340	6	0	5	4
1341	5	0	2	1
1342	5	0	3	2
1343	5	0	4	3
1344	4	0	2	1
1345	4	0	3	2
1346	3	0	2	1
