# X Y Z
1	0.00 0 0
2	5.00 0 0
3	10.00 0 0
4	15.00 0 0
5	20.00 0 0
6	25.00 0 0
7	30.00 0 0
8	35.00 0 0
9	40.00 0 0
10	45.00 0 0
11	50.00 0 0
12	55.00 0 0
13	60.00 0 0
14	65.00 0 0
15	70.00 0 0
16	75.00 0 0
17	80.00 0 0
18	85.00 0 0
19	90.00 0 0
20	95.00 0 0
21	100.00 0 0
22	105.00 0 0
23	110.00 0 0
24	115.00 0 0
25	120.00 0 0
26	125.00 0 0
27	130.00 0 0
28	135.00 0 0
29	140.00 0 0
30	145.00 0 0
31	150.00 0 0
32	155.00 0 0
33	160.00 0 0
34	165.00 0 0
35	170.00 0 0
36	175.00 0 0
37	180.00 0 0
38	185.00 0 0
39	190.00 0 0
40	195.00 0 0
41	200.00 0 0
42	205.00 0 0
43	210.00 0 0
44	215.00 0 0
45	220.00 0 0
46	225.00 0 0
47	230.00 0 0
48	235.00 0 0
49	240.00 0 0
50	245.00 0 0
51	250.00 0 0
52	255.00 0 0
53	260.00 0 0
54	265.00 0 0
55	270.00 0 0
56	275.00 0 0
57	280.00 0 0
58	285.00 0 0
59	290.00 0 0
60	295.00 0 0
61	300.00 0 0
62	305.00 0 0
63	310.00 0 0
64	315.00 0 0
65	320.00 0 0
66	325.00 0 0
67	330.00 0 0
68	335.00 0 0
69	340.00 0 0
70	345.00 0 0
71	350.00 0 0
72	355.00 0 0
# A B M N
1	1	0	45	60
2	1	0	42	57
3	1	0	39	54
4	1	0	36	51
5	1	0	33	48
6	1	0	30	45
7	1	0	27	42
8	1	0	24	39
9	1	0	22	37
10	1	0	20	35
11	1	0	18	33
12	1	0	23	28
13	1	0	21	26
14	1	0	19	24
15	1	0	17	22
16	1	0	15	20
17	1	0	13	18
18	1	0	11	16
19	1	0	9	14
20	1	0	7	12
21	1	0	9	10
22	1	0	7	8
23	1	0	6	7
24	1	0	5	6
25	1	0	4	5
26	1	0	3	4
27	1	0	2	3
28	2	0	46	61
29	2	0	43	58
30	2	0	40	55
31	2	0	37	52
32	2	0	34	49
33	2	0	31	46
34	2	0	28	43
35	2	0	25	40
36	2	0	23	38
37	2	0	21	36
38	2	0	19	34
39	2	0	24	29
40	2	0	22	27
41	2	0	20	25
42	2	0	18	23
43	2	0	16	21
44	2	0	14	19
45	2	0	12	17
46	2	0	10	15
47	2	0	8	13
48	2	0	10	11
49	2	0	8	9
50	2	0	7	8
51	2	0	6	7
52	2	0	5	6
53	2	0	4	5
54	2	0	3	4
55	3	0	47	62
56	3	0	44	59
57	3	0	41	56
58	3	0	38	53
59	3	0	35	50
60	3	0	32	47
61	3	0	29	44
62	3	0	26	41
63	3	0	24	39
64	3	0	22	37
65	3	0	20	35
66	3	0	25	30
67	3	0	23	28
68	3	0	21	26
69	3	0	19	24
70	3	0	17	22
71	3	0	15	20
72	3	0	13	18
73	3	0	11	16
74	3	0	9	14
75	3	0	11	12
76	3	0	9	10
77	3	0	8	9
78	3	0	7	8
79	3	0	6	7
80	3	0	5	6
81	3	0	4	5
82	4	0	48	63
83	4	0	45	60
84	4	0	42	57
85	4	0	39	54
86	4	0	36	51
87	4	0	33	48
88	4	0	30	45
89	4	0	27	42
90	4	0	25	40
91	4	0	23	38
92	4	0	21	36
93	4	0	26	31
94	4	0	24	29
95	4	0	22	27
96	4	0	20	25
97	4	0	18	23
98	4	0	16	21
99	4	0	14	19
100	4	0	12	17
101	4	0	10	15
102	4	0	12	13
103	4	0	10	11
104	4	0	9	10
105	4	0	8	9
106	4	0	7	8
107	4	0	6	7
108	4	0	5	6
109	5	0	49	64
110	5	0	46	61
111	5	0	43	58
112	5	0	40	55
113	5	0	37	52
114	5	0	34	49
115	5	0	31	46
116	5	0	28	43
117	5	0	26	41
118	5	0	24	39
119	5	0	22	37
120	5	0	27	32
121	5	0	25	30
122	5	0	23	28
123	5	0	21	26
124	5	0	19	24
125	5	0	17	22
126	5	0	15	20
127	5	0	13	18
128	5	0	11	16
129	5	0	13	14
130	5	0	11	12
131	5	0	10	11
132	5	0	9	10
133	5	0	8	9
134	5	0	7	8
135	5	0	6	7
136	6	0	50	65
137	6	0	47	62
138	6	0	44	59
139	6	0	41	56
140	6	0	38	53
141	6	0	35	50
142	6	0	32	47
143	6	0	29	44
144	6	0	27	42
145	6	0	25	40
146	6	0	23	38
147	6	0	28	33
148	6	0	26	31
149	6	0	24	29
150	6	0	22	27
151	6	0	20	25
152	6	0	18	23
153	6	0	16	21
154	6	0	14	19
155	6	0	12	17
156	6	0	14	15
157	6	0	12	13
158	6	0	11	12
159	6	0	10	11
160	6	0	9	10
161	6	0	8	9
162	6	0	7	8
163	7	0	51	66
164	7	0	48	63
165	7	0	45	60
166	7	0	42	57
167	7	0	39	54
168	7	0	36	51
169	7	0	33	48
170	7	0	30	45
171	7	0	28	43
172	7	0	26	41
173	7	0	24	39
174	7	0	29	34
175	7	0	27	32
176	7	0	25	30
177	7	0	23	28
178	7	0	21	26
179	7	0	19	24
180	7	0	17	22
181	7	0	15	20
182	7	0	13	18
183	7	0	15	16
184	7	0	13	14
185	7	0	12	13
186	7	0	11	12
187	7	0	10	11
188	7	0	9	10
189	7	0	8	9
190	8	0	52	67
191	8	0	49	64
192	8	0	46	61
193	8	0	43	58
194	8	0	40	55
195	8	0	37	52
196	8	0	34	49
197	8	0	31	46
198	8	0	29	44
199	8	0	27	42
200	8	0	25	40
201	8	0	30	35
202	8	0	28	33
203	8	0	26	31
204	8	0	24	29
205	8	0	22	27
206	8	0	20	25
207	8	0	18	23
208	8	0	16	21
209	8	0	14	19
210	8	0	16	17
211	8	0	14	15
212	8	0	13	14
213	8	0	12	13
214	8	0	11	12
215	8	0	10	11
216	8	0	9	10
217	9	0	53	68
218	9	0	50	65
219	9	0	47	62
220	9	0	44	59
221	9	0	41	56
222	9	0	38	53
223	9	0	35	50
224	9	0	32	47
225	9	0	30	45
226	9	0	28	43
227	9	0	26	41
228	9	0	31	36
229	9	0	29	34
230	9	0	27	32
231	9	0	25	30
232	9	0	23	28
233	9	0	21	26
234	9	0	19	24
235	9	0	17	22
236	9	0	15	20
237	9	0	17	18
238	9	0	15	16
239	9	0	14	15
240	9	0	13	14
241	9	0	12	13
242	9	0	11	12
243	9	0	10	11
244	10	0	54	69
245	10	0	51	66
246	10	0	48	63
247	10	0	45	60
248	10	0	42	57
249	10	0	39	54
250	10	0	36	51
251	10	0	33	48
252	10	0	31	46
253	10	0	29	44
254	10	0	27	42
255	10	0	32	37
256	10	0	30	35
257	10	0	28	33
258	10	0	26	31
259	10	0	24	29
260	10	0	22	27
261	10	0	20	25
262	10	0	18	23
263	10	0	16	21
264	10	0	18	19
265	10	0	16	17
266	10	0	15	16
267	10	0	14	15
268	10	0	13	14
269	10	0	12	13
270	10	0	11	12
271	11	0	55	70
272	11	0	52	67
273	11	0	49	64
274	11	0	46	61
275	11	0	43	58
276	11	0	40	55
277	11	0	37	52
278	11	0	34	49
279	11	0	32	47
280	11	0	30	45
281	11	0	28	43
282	11	0	33	38
283	11	0	31	36
284	11	0	29	34
285	11	0	27	32
286	11	0	25	30
287	11	0	23	28
288	11	0	21	26
289	11	0	19	24
290	11	0	17	22
291	11	0	19	20
292	11	0	17	18
293	11	0	16	17
294	11	0	15	16
295	11	0	14	15
296	11	0	13	14
297	11	0	12	13
298	12	0	56	71
299	12	0	53	68
300	12	0	50	65
301	12	0	47	62
302	12	0	44	59
303	12	0	41	56
304	12	0	38	53
305	12	0	35	50
306	12	0	33	48
307	12	0	31	46
308	12	0	29	44
309	12	0	34	39
310	12	0	32	37
311	12	0	30	35
312	12	0	28	33
313	12	0	26	31
314	12	0	24	29
315	12	0	22	27
316	12	0	20	25
317	12	0	18	23
318	12	0	20	21
319	12	0	18	19
320	12	0	17	18
321	12	0	16	17
322	12	0	15	16
323	12	0	14	15
324	12	0	13	14
325	13	0	57	72
326	13	0	54	69
327	13	0	51	66
328	13	0	48	63
329	13	0	45	60
330	13	0	42	57
331	13	0	39	54
332	13	0	36	51
333	13	0	34	49
334	13	0	32	47
335	13	0	30	45
336	13	0	35	40
337	13	0	33	38
338	13	0	31	36
339	13	0	29	34
340	13	0	27	32
341	13	0	25	30
342	13	0	23	28
343	13	0	21	26
344	13	0	19	24
345	13	0	21	22
346	13	0	19	20
347	13	0	18	19
348	13	0	17	18
349	13	0	16	17
350	13	0	15	16
351	13	0	14	15
352	14	0	55	70
353	14	0	52	67
354	14	0	49	64
355	14	0	46	61
356	14	0	43	58
357	14	0	40	55
358	14	0	37	52
359	14	0	35	50
360	14	0	33	48
361	14	0	31	46
362	14	0	36	41
363	14	0	34	39
364	14	0	32	37
365	14	0	30	35
366	14	0	28	33
367	14	0	26	31
368	14	0	24	29
369	14	0	22	27
370	14	0	20	25
371	14	0	22	23
372	14	0	20	21
373	14	0	19	20
374	14	0	18	19
375	14	0	17	18
376	14	0	16	17
377	14	0	15	16
378	15	0	56	71
379	15	0	53	68
380	15	0	50	65
381	15	0	47	62
382	15	0	44	59
383	15	0	41	56
384	15	0	38	53
385	15	0	36	51
386	15	0	34	49
387	15	0	32	47
388	15	0	37	42
389	15	0	35	40
390	15	0	33	38
391	15	0	31	36
392	15	0	29	34
393	15	0	27	32
394	15	0	25	30
395	15	0	23	28
396	15	0	21	26
397	15	0	23	24
398	15	0	21	22
399	15	0	20	21
400	15	0	19	20
401	15	0	18	19
402	15	0	17	18
403	15	0	16	17
404	16	0	57	72
405	16	0	54	69
406	16	0	51	66
407	16	0	48	63
408	16	0	45	60
409	16	0	42	57
410	16	0	39	54
411	16	0	37	52
412	16	0	35	50
413	16	0	33	48
414	16	0	38	43
415	16	0	36	41
416	16	0	34	39
417	16	0	32	37
418	16	0	30	35
419	16	0	28	33
420	16	0	26	31
421	16	0	24	29
422	16	0	22	27
423	16	0	24	25
424	16	0	22	23
425	16	0	21	22
426	16	0	20	21
427	16	0	19	20
428	16	0	18	19
429	16	0	17	18
430	17	0	55	70
431	17	0	52	67
432	17	0	49	64
433	17	0	46	61
434	17	0	43	58
435	17	0	40	55
436	17	0	38	53
437	17	0	36	51
438	17	0	34	49
439	17	0	39	44
440	17	0	37	42
441	17	0	35	40
442	17	0	33	38
443	17	0	31	36
444	17	0	29	34
445	17	0	27	32
446	17	0	25	30
447	17	0	23	28
448	17	0	25	26
449	17	0	23	24
450	17	0	22	23
451	17	0	21	22
452	17	0	20	21
453	17	0	19	20
454	17	0	18	19
455	18	0	56	71
456	18	0	53	68
457	18	0	50	65
458	18	0	47	62
459	18	0	44	59
460	18	0	41	56
461	18	0	39	54
462	18	0	37	52
463	18	0	35	50
464	18	0	40	45
465	18	0	38	43
466	18	0	36	41
467	18	0	34	39
468	18	0	32	37
469	18	0	30	35
470	18	0	28	33
471	18	0	26	31
472	18	0	24	29
473	18	0	26	27
474	18	0	24	25
475	18	0	23	24
476	18	0	22	23
477	18	0	21	22
478	18	0	20	21
479	18	0	19	20
480	19	0	57	72
481	19	0	54	69
482	19	0	51	66
483	19	0	48	63
484	19	0	45	60
485	19	0	42	57
486	19	0	40	55
487	19	0	38	53
488	19	0	36	51
489	19	0	41	46
490	19	0	39	44
491	19	0	37	42
492	19	0	35	40
493	19	0	33	38
494	19	0	31	36
495	19	0	29	34
496	19	0	27	32
497	19	0	25	30
498	19	0	27	28
499	19	0	25	26
500	19	0	24	25
501	19	0	23	24
502	19	0	22	23
503	19	0	21	22
504	19	0	20	21
505	20	0	55	70
506	20	0	52	67
507	20	0	49	64
508	20	0	46	61
509	20	0	43	58
510	20	0	41	56
511	20	0	39	54
512	20	0	37	52
513	20	0	42	47
514	20	0	40	45
515	20	0	38	43
516	20	0	36	41
517	20	0	34	39
518	20	0	32	37
519	20	0	30	35
520	20	0	28	33
521	20	0	26	31
522	20	0	28	29
523	20	0	26	27
524	20	0	25	26
525	20	0	24	25
526	20	0	23	24
527	20	0	22	23
528	20	0	21	22
529	21	0	56	71
530	21	0	53	68
531	21	0	50	65
532	21	0	47	62
533	21	0	44	59
534	21	0	42	57
535	21	0	40	55
536	21	0	38	53
537	21	0	43	48
538	21	0	41	46
539	21	0	39	44
540	21	0	37	42
541	21	0	35	40
542	21	0	33	38
543	21	0	31	36
544	21	0	29	34
545	21	0	27	32
546	21	0	29	30
547	21	0	27	28
548	21	0	26	27
549	21	0	25	26
550	21	0	24	25
551	21	0	23	24
552	21	0	22	23
553	22	0	57	72
554	22	0	54	69
555	22	0	51	66
556	22	0	48	63
557	22	0	45	60
558	22	0	43	58
559	22	0	41	56
560	22	0	39	54
561	22	0	44	49
562	22	0	42	47
563	22	0	40	45
564	22	0	38	43
565	22	0	36	41
566	22	0	34	39
567	22	0	32	37
568	22	0	30	35
569	22	0	28	33
570	22	0	30	31
571	22	0	28	29
572	22	0	27	28
573	22	0	26	27
574	22	0	25	26
575	22	0	24	25
576	22	0	23	24
577	23	0	55	70
578	23	0	52	67
579	23	0	49	64
580	23	0	46	61
581	23	0	44	59
582	23	0	42	57
583	23	0	40	55
584	23	0	45	50
585	23	0	43	48
586	23	0	41	46
587	23	0	39	44
588	23	0	37	42
589	23	0	35	40
590	23	0	33	38
591	23	0	31	36
592	23	0	29	34
593	23	0	31	32
594	23	0	29	30
595	23	0	28	29
596	23	0	27	28
597	23	0	26	27
598	23	0	25	26
599	23	0	24	25
600	24	0	56	71
601	24	0	53	68
602	24	0	50	65
603	24	0	47	62
604	24	0	45	60
605	24	0	43	58
606	24	0	41	56
607	24	0	46	51
608	24	0	44	49
609	24	0	42	47
610	24	0	40	45
611	24	0	38	43
612	24	0	36	41
613	24	0	34	39
614	24	0	32	37
615	24	0	30	35
616	24	0	32	33
617	24	0	30	31
618	24	0	29	30
619	24	0	28	29
620	24	0	27	28
621	24	0	26	27
622	24	0	25	26
623	25	0	57	72
624	25	0	54	69
625	25	0	51	66
626	25	0	48	63
627	25	0	46	61
628	25	0	44	59
629	25	0	42	57
630	25	0	47	52
631	25	0	45	50
632	25	0	43	48
633	25	0	41	46
634	25	0	39	44
635	25	0	37	42
636	25	0	35	40
637	25	0	33	38
638	25	0	31	36
639	25	0	33	34
640	25	0	31	32
641	25	0	30	31
642	25	0	29	30
643	25	0	28	29
644	25	0	27	28
645	25	0	26	27
646	26	0	55	70
647	26	0	52	67
648	26	0	49	64
649	26	0	47	62
650	26	0	45	60
651	26	0	43	58
652	26	0	48	53
653	26	0	46	51
654	26	0	44	49
655	26	0	42	47
656	26	0	40	45
657	26	0	38	43
658	26	0	36	41
659	26	0	34	39
660	26	0	32	37
661	26	0	34	35
662	26	0	32	33
663	26	0	31	32
664	26	0	30	31
665	26	0	29	30
666	26	0	28	29
667	26	0	27	28
668	27	0	56	71
669	27	0	53	68
670	27	0	50	65
671	27	0	48	63
672	27	0	46	61
673	27	0	44	59
674	27	0	49	54
675	27	0	47	52
676	27	0	45	50
677	27	0	43	48
678	27	0	41	46
679	27	0	39	44
680	27	0	37	42
681	27	0	35	40
682	27	0	33	38
683	27	0	35	36
684	27	0	33	34
685	27	0	32	33
686	27	0	31	32
687	27	0	30	31
688	27	0	29	30
689	27	0	28	29
690	28	0	57	72
691	28	0	54	69
692	28	0	51	66
693	28	0	49	64
694	28	0	47	62
695	28	0	45	60
696	28	0	50	55
697	28	0	48	53
698	28	0	46	51
699	28	0	44	49
700	28	0	42	47
701	28	0	40	45
702	28	0	38	43
703	28	0	36	41
704	28	0	34	39
705	28	0	36	37
706	28	0	34	35
707	28	0	33	34
708	28	0	32	33
709	28	0	31	32
710	28	0	30	31
711	28	0	29	30
712	29	0	55	70
713	29	0	52	67
714	29	0	50	65
715	29	0	48	63
716	29	0	46	61
717	29	0	51	56
718	29	0	49	54
719	29	0	47	52
720	29	0	45	50
721	29	0	43	48
722	29	0	41	46
723	29	0	39	44
724	29	0	37	42
725	29	0	35	40
726	29	0	37	38
727	29	0	35	36
728	29	0	34	35
729	29	0	33	34
730	29	0	32	33
731	29	0	31	32
732	29	0	30	31
733	30	0	56	71
734	30	0	53	68
735	30	0	51	66
736	30	0	49	64
737	30	0	47	62
738	30	0	52	57
739	30	0	50	55
740	30	0	48	53
741	30	0	46	51
742	30	0	44	49
743	30	0	42	47
744	30	0	40	45
745	30	0	38	43
746	30	0	36	41
747	30	0	38	39
748	30	0	36	37
749	30	0	35	36
750	30	0	34	35
751	30	0	33	34
752	30	0	32	33
753	30	0	31	32
754	31	0	57	72
755	31	0	54	69
756	31	0	52	67
757	31	0	50	65
758	31	0	48	63
759	31	0	53	58
760	31	0	51	56
761	31	0	49	54
762	31	0	47	52
763	31	0	45	50
764	31	0	43	48
765	31	0	41	46
766	31	0	39	44
767	31	0	37	42
768	31	0	39	40
769	31	0	37	38
770	31	0	36	37
771	31	0	35	36
772	31	0	34	35
773	31	0	33	34
774	31	0	32	33
775	32	0	55	70
776	32	0	53	68
777	32	0	51	66
778	32	0	49	64
779	32	0	54	59
780	32	0	52	57
781	32	0	50	55
782	32	0	48	53
783	32	0	46	51
784	32	0	44	49
785	32	0	42	47
786	32	0	40	45
787	32	0	38	43
788	32	0	40	41
789	32	0	38	39
790	32	0	37	38
791	32	0	36	37
792	32	0	35	36
793	32	0	34	35
794	32	0	33	34
795	33	0	56	71
796	33	0	54	69
797	33	0	52	67
798	33	0	50	65
799	33	0	55	60
800	33	0	53	58
801	33	0	51	56
802	33	0	49	54
803	33	0	47	52
804	33	0	45	50
805	33	0	43	48
806	33	0	41	46
807	33	0	39	44
808	33	0	41	42
809	33	0	39	40
810	33	0	38	39
811	33	0	37	38
812	33	0	36	37
813	33	0	35	36
814	33	0	34	35
815	34	0	57	72
816	34	0	55	70
817	34	0	53	68
818	34	0	51	66
819	34	0	56	61
820	34	0	54	59
821	34	0	52	57
822	34	0	50	55
823	34	0	48	53
824	34	0	46	51
825	34	0	44	49
826	34	0	42	47
827	34	0	40	45
828	34	0	42	43
829	34	0	40	41
830	34	0	39	40
831	34	0	38	39
832	34	0	37	38
833	34	0	36	37
834	34	0	35	36
835	35	0	56	71
836	35	0	54	69
837	35	0	52	67
838	35	0	57	62
839	35	0	55	60
840	35	0	53	58
841	35	0	51	56
842	35	0	49	54
843	35	0	47	52
844	35	0	45	50
845	35	0	43	48
846	35	0	41	46
847	35	0	43	44
848	35	0	41	42
849	35	0	40	41
850	35	0	39	40
851	35	0	38	39
852	35	0	37	38
853	35	0	36	37
854	36	0	57	72
855	36	0	55	70
856	36	0	53	68
857	36	0	58	63
858	36	0	56	61
859	36	0	54	59
860	36	0	52	57
861	36	0	50	55
862	36	0	48	53
863	36	0	46	51
864	36	0	44	49
865	36	0	42	47
866	36	0	44	45
867	36	0	42	43
868	36	0	41	42
869	36	0	40	41
870	36	0	39	40
871	36	0	38	39
872	36	0	37	38
873	37	0	56	71
874	37	0	54	69
875	37	0	59	64
876	37	0	57	62
877	37	0	55	60
878	37	0	53	58
879	37	0	51	56
880	37	0	49	54
881	37	0	47	52
882	37	0	45	50
883	37	0	43	48
884	37	0	45	46
885	37	0	43	44
886	37	0	42	43
887	37	0	41	42
888	37	0	40	41
889	37	0	39	40
890	37	0	38	39
891	38	0	57	72
892	38	0	55	70
893	38	0	60	65
894	38	0	58	63
895	38	0	56	61
896	38	0	54	59
897	38	0	52	57
898	38	0	50	55
899	38	0	48	53
900	38	0	46	51
901	38	0	44	49
902	38	0	46	47
903	38	0	44	45
904	38	0	43	44
905	38	0	42	43
906	38	0	41	42
907	38	0	40	41
908	38	0	39	40
909	39	0	56	71
910	39	0	61	66
911	39	0	59	64
912	39	0	57	62
913	39	0	55	60
914	39	0	53	58
915	39	0	51	56
916	39	0	49	54
917	39	0	47	52
918	39	0	45	50
919	39	0	47	48
920	39	0	45	46
921	39	0	44	45
922	39	0	43	44
923	39	0	42	43
924	39	0	41	42
925	39	0	40	41
926	40	0	57	72
927	40	0	62	67
928	40	0	60	65
929	40	0	58	63
930	40	0	56	61
931	40	0	54	59
932	40	0	52	57
933	40	0	50	55
934	40	0	48	53
935	40	0	46	51
936	40	0	48	49
937	40	0	46	47
938	40	0	45	46
939	40	0	44	45
940	40	0	43	44
941	40	0	42	43
942	40	0	41	42
943	41	0	63	68
944	41	0	61	66
945	41	0	59	64
946	41	0	57	62
947	41	0	55	60
948	41	0	53	58
949	41	0	51	56
950	41	0	49	54
951	41	0	47	52
952	41	0	49	50
953	41	0	47	48
954	41	0	46	47
955	41	0	45	46
956	41	0	44	45
957	41	0	43	44
958	41	0	42	43
959	42	0	64	69
960	42	0	62	67
961	42	0	60	65
962	42	0	58	63
963	42	0	56	61
964	42	0	54	59
965	42	0	52	57
966	42	0	50	55
967	42	0	48	53
968	42	0	50	51
969	42	0	48	49
970	42	0	47	48
971	42	0	46	47
972	42	0	45	46
973	42	0	44	45
974	42	0	43	44
975	43	0	65	70
976	43	0	63	68
977	43	0	61	66
978	43	0	59	64
979	43	0	57	62
980	43	0	55	60
981	43	0	53	58
982	43	0	51	56
983	43	0	49	54
984	43	0	51	52
985	43	0	49	50
986	43	0	48	49
987	43	0	47	48
988	43	0	46	47
989	43	0	45	46
990	43	0	44	45
991	44	0	66	71
992	44	0	64	69
993	44	0	62	67
994	44	0	60	65
995	44	0	58	63
996	44	0	56	61
997	44	0	54	59
998	44	0	52	57
999	44	0	50	55
1000	44	0	52	53
1001	44	0	50	51
1002	44	0	49	50
1003	44	0	48	49
1004	44	0	47	48
1005	44	0	46	47
1006	44	0	45	46
1007	45	0	67	72
1008	45	0	65	70
1009	45	0	63	68
1010	45	0	61	66
1011	45	0	59	64
1012	45	0	57	62
1013	45	0	55	60
1014	45	0	53	58
1015	45	0	51	56
1016	45	0	53	54
1017	45	0	51	52
1018	45	0	50	51
1019	45	0	49	50
1020	45	0	48	49
1021	45	0	47	48
1022	45	0	46	47
1023	46	0	66	71
1024	46	0	64	69
1025	46	0	62	67
1026	46	0	60	65
1027	46	0	58	63
1028	46	0	56	61
1029	46	0	54	59
1030	46	0	52	57
1031	46	0	54	55
1032	46	0	52	53
1033	46	0	51	52
1034	46	0	50	51
1035	46	0	49	50
1036	46	0	48	49
1037	46	0	47	48
1038	47	0	67	72
1039	47	0	65	70
1040	47	0	63	68
1041	47	0	61	66
1042	47	0	59	64
1043	47	0	57	62
1044	47	0	55	60
1045	47	0	53	58
1046	47	0	55	56
1047	47	0	53	54
1048	47	0	52	53
1049	47	0	51	52
1050	47	0	50	51
1051	47	0	49	50
1052	47	0	48	49
1053	48	0	66	71
1054	48	0	64	69
1055	48	0	62	67
1056	48	0	60	65
1057	48	0	58	63
1058	48	0	56	61
1059	48	0	54	59
1060	48	0	56	57
1061	48	0	54	55
1062	48	0	53	54
1063	48	0	52	53
1064	48	0	51	52
1065	48	0	50	51
1066	48	0	49	50
1067	49	0	67	72
1068	49	0	65	70
1069	49	0	63	68
1070	49	0	61	66
1071	49	0	59	64
1072	49	0	57	62
1073	49	0	55	60
1074	49	0	57	58
1075	49	0	55	56
1076	49	0	54	55
1077	49	0	53	54
1078	49	0	52	53
1079	49	0	51	52
1080	49	0	50	51
1081	50	0	66	71
1082	50	0	64	69
1083	50	0	62	67
1084	50	0	60	65
1085	50	0	58	63
1086	50	0	56	61
1087	50	0	58	59
1088	50	0	56	57
1089	50	0	55	56
1090	50	0	54	55
1091	50	0	53	54
1092	50	0	52	53
1093	50	0	51	52
1094	51	0	67	72
1095	51	0	65	70
1096	51	0	63	68
1097	51	0	61	66
1098	51	0	59	64
1099	51	0	57	62
1100	51	0	59	60
1101	51	0	57	58
1102	51	0	56	57
1103	51	0	55	56
1104	51	0	54	55
1105	51	0	53	54
1106	51	0	52	53
1107	52	0	66	71
1108	52	0	64	69
1109	52	0	62	67
1110	52	0	60	65
1111	52	0	58	63
1112	52	0	60	61
1113	52	0	58	59
1114	52	0	57	58
1115	52	0	56	57
1116	52	0	55	56
1117	52	0	54	55
1118	52	0	53	54
1119	53	0	67	72
1120	53	0	65	70
1121	53	0	63	68
1122	53	0	61	66
1123	53	0	59	64
1124	53	0	61	62
1125	53	0	59	60
1126	53	0	58	59
1127	53	0	57	58
1128	53	0	56	57
1129	53	0	55	56
1130	53	0	54	55
1131	54	0	66	71
1132	54	0	64	69
1133	54	0	62	67
1134	54	0	60	65
1135	54	0	62	63
1136	54	0	60	61
1137	54	0	59	60
1138	54	0	58	59
1139	54	0	57	58
1140	54	0	56	57
1141	54	0	55	56
1142	55	0	67	72
1143	55	0	65	70
1144	55	0	63	68
1145	55	0	61	66
1146	55	0	63	64
1147	55	0	61	62
1148	55	0	60	61
1149	55	0	59	60
1150	55	0	58	59
1151	55	0	57	58
1152	55	0	56	57
1153	56	0	66	71
1154	56	0	64	69
1155	56	0	62	67
1156	56	0	64	65
1157	56	0	62	63
1158	56	0	61	62
1159	56	0	60	61
1160	56	0	59	60
1161	56	0	58	59
1162	56	0	57	58
1163	57	0	67	72
1164	57	0	65	70
1165	57	0	63	68
1166	57	0	65	66
1167	57	0	63	64
1168	57	0	62	63
1169	57	0	61	62
1170	57	0	60	61
1171	57	0	59	60
1172	57	0	58	59
1173	58	0	66	71
1174	58	0	64	69
1175	58	0	66	67
1176	58	0	64	65
1177	58	0	63	64
1178	58	0	62	63
1179	58	0	61	62
1180	58	0	60	61
1181	58	0	59	60
1182	59	0	67	72
1183	59	0	65	70
1184	59	0	67	68
1185	59	0	65	66
1186	59	0	64	65
1187	59	0	63	64
1188	59	0	62	63
1189	59	0	61	62
1190	59	0	60	61
1191	60	0	66	71
1192	60	0	68	69
1193	60	0	66	67
1194	60	0	65	66
1195	60	0	64	65
1196	60	0	63	64
1197	60	0	62	63
1198	60	0	61	62
1199	61	0	67	72
1200	61	0	69	70
1201	61	0	67	68
1202	61	0	66	67
1203	61	0	65	66
1204	61	0	64	65
1205	61	0	63	64
1206	61	0	62	63
1207	62	0	70	71
1208	62	0	68	69
1209	62	0	67	68
1210	62	0	66	67
1211	62	0	65	66
1212	62	0	64	65
1213	62	0	63	64
1214	63	0	71	72
1215	63	0	69	70
1216	63	0	68	69
1217	63	0	67	68
1218	63	0	66	67
1219	63	0	65	66
1220	63	0	64	65
1221	64	0	70	71
1222	64	0	69	70
1223	64	0	68	69
1224	64	0	67	68
1225	64	0	66	67
1226	64	0	65	66
1227	65	0	71	72
1228	65	0	70	71
1229	65	0	69	70
1230	65	0	68	69
1231	65	0	67	68
1232	65	0	66	67
1233	66	0	71	72
1234	66	0	70	71
1235	66	0	69	70
1236	66	0	68	69
1237	66	0	67	68
1238	67	0	71	72
1239	67	0	70	71
1240	67	0	69	70
1241	67	0	68	69
1242	68	0	71	72
1243	68	0	70	71
1244	68	0	69	70
1245	69	0	71	72
1246	69	0	70	71
1247	70	0	71	72
1248	72	0	28	13
1249	72	0	31	16
1250	72	0	34	19
1251	72	0	37	22
1252	72	0	40	25
1253	72	0	43	28
1254	72	0	46	31
1255	72	0	49	34
1256	72	0	51	36
1257	72	0	53	38
1258	72	0	55	40
1259	72	0	50	45
1260	72	0	52	47
1261	72	0	54	49
1262	72	0	56	51
1263	72	0	58	53
1264	72	0	60	55
1265	72	0	62	57
1266	72	0	64	59
1267	72	0	66	61
1268	72	0	64	63
1269	72	0	66	65
1270	72	0	67	66
1271	72	0	68	67
1272	72	0	69	68
1273	72	0	70	69
1274	72	0	71	70
1275	71	0	27	12
1276	71	0	30	15
1277	71	0	33	18
1278	71	0	36	21
1279	71	0	39	24
1280	71	0	42	27
1281	71	0	45	30
1282	71	0	48	33
1283	71	0	50	35
1284	71	0	52	37
1285	71	0	54	39
1286	71	0	49	44
1287	71	0	51	46
1288	71	0	53	48
1289	71	0	55	50
1290	71	0	57	52
1291	71	0	59	54
1292	71	0	61	56
1293	71	0	63	58
1294	71	0	65	60
1295	71	0	63	62
1296	71	0	65	64
1297	71	0	66	65
1298	71	0	67	66
1299	71	0	68	67
1300	71	0	69	68
1301	71	0	70	69
1302	70	0	26	11
1303	70	0	29	14
1304	70	0	32	17
1305	70	0	35	20
1306	70	0	38	23
1307	70	0	41	26
1308	70	0	44	29
1309	70	0	47	32
1310	70	0	49	34
1311	70	0	51	36
1312	70	0	53	38
1313	70	0	48	43
1314	70	0	50	45
1315	70	0	52	47
1316	70	0	54	49
1317	70	0	56	51
1318	70	0	58	53
1319	70	0	60	55
1320	70	0	62	57
1321	70	0	64	59
1322	70	0	62	61
1323	70	0	64	63
1324	70	0	65	64
1325	70	0	66	65
1326	70	0	67	66
1327	70	0	68	67
1328	70	0	69	68
1329	69	0	25	10
1330	69	0	28	13
1331	69	0	31	16
1332	69	0	34	19
1333	69	0	37	22
1334	69	0	40	25
1335	69	0	43	28
1336	69	0	46	31
1337	69	0	48	33
1338	69	0	50	35
1339	69	0	52	37
1340	69	0	47	42
1341	69	0	49	44
1342	69	0	51	46
1343	69	0	53	48
1344	69	0	55	50
1345	69	0	57	52
1346	69	0	59	54
1347	69	0	61	56
1348	69	0	63	58
1349	69	0	61	60
1350	69	0	63	62
1351	69	0	64	63
1352	69	0	65	64
1353	69	0	66	65
1354	69	0	67	66
1355	69	0	68	67
1356	68	0	24	9
1357	68	0	27	12
1358	68	0	30	15
1359	68	0	33	18
1360	68	0	36	21
1361	68	0	39	24
1362	68	0	42	27
1363	68	0	45	30
1364	68	0	47	32
1365	68	0	49	34
1366	68	0	51	36
1367	68	0	46	41
1368	68	0	48	43
1369	68	0	50	45
1370	68	0	52	47
1371	68	0	54	49
1372	68	0	56	51
1373	68	0	58	53
1374	68	0	60	55
1375	68	0	62	57
1376	68	0	60	59
1377	68	0	62	61
1378	68	0	63	62
1379	68	0	64	63
1380	68	0	65	64
1381	68	0	66	65
1382	68	0	67	66
1383	67	0	23	8
1384	67	0	26	11
1385	67	0	29	14
1386	67	0	32	17
1387	67	0	35	20
1388	67	0	38	23
1389	67	0	41	26
1390	67	0	44	29
1391	67	0	46	31
1392	67	0	48	33
1393	67	0	50	35
1394	67	0	45	40
1395	67	0	47	42
1396	67	0	49	44
1397	67	0	51	46
1398	67	0	53	48
1399	67	0	55	50
1400	67	0	57	52
1401	67	0	59	54
1402	67	0	61	56
1403	67	0	59	58
1404	67	0	61	60
1405	67	0	62	61
1406	67	0	63	62
1407	67	0	64	63
1408	67	0	65	64
1409	67	0	66	65
1410	66	0	22	7
1411	66	0	25	10
1412	66	0	28	13
1413	66	0	31	16
1414	66	0	34	19
1415	66	0	37	22
1416	66	0	40	25
1417	66	0	43	28
1418	66	0	45	30
1419	66	0	47	32
1420	66	0	49	34
1421	66	0	44	39
1422	66	0	46	41
1423	66	0	48	43
1424	66	0	50	45
1425	66	0	52	47
1426	66	0	54	49
1427	66	0	56	51
1428	66	0	58	53
1429	66	0	60	55
1430	66	0	58	57
1431	66	0	60	59
1432	66	0	61	60
1433	66	0	62	61
1434	66	0	63	62
1435	66	0	64	63
1436	66	0	65	64
1437	65	0	21	6
1438	65	0	24	9
1439	65	0	27	12
1440	65	0	30	15
1441	65	0	33	18
1442	65	0	36	21
1443	65	0	39	24
1444	65	0	42	27
1445	65	0	44	29
1446	65	0	46	31
1447	65	0	48	33
1448	65	0	43	38
1449	65	0	45	40
1450	65	0	47	42
1451	65	0	49	44
1452	65	0	51	46
1453	65	0	53	48
1454	65	0	55	50
1455	65	0	57	52
1456	65	0	59	54
1457	65	0	57	56
1458	65	0	59	58
1459	65	0	60	59
1460	65	0	61	60
1461	65	0	62	61
1462	65	0	63	62
1463	65	0	64	63
1464	64	0	20	5
1465	64	0	23	8
1466	64	0	26	11
1467	64	0	29	14
1468	64	0	32	17
1469	64	0	35	20
1470	64	0	38	23
1471	64	0	41	26
1472	64	0	43	28
1473	64	0	45	30
1474	64	0	47	32
1475	64	0	42	37
1476	64	0	44	39
1477	64	0	46	41
1478	64	0	48	43
1479	64	0	50	45
1480	64	0	52	47
1481	64	0	54	49
1482	64	0	56	51
1483	64	0	58	53
1484	64	0	56	55
1485	64	0	58	57
1486	64	0	59	58
1487	64	0	60	59
1488	64	0	61	60
1489	64	0	62	61
1490	64	0	63	62
1491	63	0	19	4
1492	63	0	22	7
1493	63	0	25	10
1494	63	0	28	13
1495	63	0	31	16
1496	63	0	34	19
1497	63	0	37	22
1498	63	0	40	25
1499	63	0	42	27
1500	63	0	44	29
1501	63	0	46	31
1502	63	0	41	36
1503	63	0	43	38
1504	63	0	45	40
1505	63	0	47	42
1506	63	0	49	44
1507	63	0	51	46
1508	63	0	53	48
1509	63	0	55	50
1510	63	0	57	52
1511	63	0	55	54
1512	63	0	57	56
1513	63	0	58	57
1514	63	0	59	58
1515	63	0	60	59
1516	63	0	61	60
1517	63	0	62	61
1518	62	0	18	3
1519	62	0	21	6
1520	62	0	24	9
1521	62	0	27	12
1522	62	0	30	15
1523	62	0	33	18
1524	62	0	36	21
1525	62	0	39	24
1526	62	0	41	26
1527	62	0	43	28
1528	62	0	45	30
1529	62	0	40	35
1530	62	0	42	37
1531	62	0	44	39
1532	62	0	46	41
1533	62	0	48	43
1534	62	0	50	45
1535	62	0	52	47
1536	62	0	54	49
1537	62	0	56	51
1538	62	0	54	53
1539	62	0	56	55
1540	62	0	57	56
1541	62	0	58	57
1542	62	0	59	58
1543	62	0	60	59
1544	62	0	61	60
1545	61	0	17	2
1546	61	0	20	5
1547	61	0	23	8
1548	61	0	26	11
1549	61	0	29	14
1550	61	0	32	17
1551	61	0	35	20
1552	61	0	38	23
1553	61	0	40	25
1554	61	0	42	27
1555	61	0	44	29
1556	61	0	39	34
1557	61	0	41	36
1558	61	0	43	38
1559	61	0	45	40
1560	61	0	47	42
1561	61	0	49	44
1562	61	0	51	46
1563	61	0	53	48
1564	61	0	55	50
1565	61	0	53	52
1566	61	0	55	54
1567	61	0	56	55
1568	61	0	57	56
1569	61	0	58	57
1570	61	0	59	58
1571	61	0	60	59
1572	60	0	16	1
1573	60	0	19	4
1574	60	0	22	7
1575	60	0	25	10
1576	60	0	28	13
1577	60	0	31	16
1578	60	0	34	19
1579	60	0	37	22
1580	60	0	39	24
1581	60	0	41	26
1582	60	0	43	28
1583	60	0	38	33
1584	60	0	40	35
1585	60	0	42	37
1586	60	0	44	39
1587	60	0	46	41
1588	60	0	48	43
1589	60	0	50	45
1590	60	0	52	47
1591	60	0	54	49
1592	60	0	52	51
1593	60	0	54	53
1594	60	0	55	54
1595	60	0	56	55
1596	60	0	57	56
1597	60	0	58	57
1598	60	0	59	58
1599	59	0	18	3
1600	59	0	21	6
1601	59	0	24	9
1602	59	0	27	12
1603	59	0	30	15
1604	59	0	33	18
1605	59	0	36	21
1606	59	0	38	23
1607	59	0	40	25
1608	59	0	42	27
1609	59	0	37	32
1610	59	0	39	34
1611	59	0	41	36
1612	59	0	43	38
1613	59	0	45	40
1614	59	0	47	42
1615	59	0	49	44
1616	59	0	51	46
1617	59	0	53	48
1618	59	0	51	50
1619	59	0	53	52
1620	59	0	54	53
1621	59	0	55	54
1622	59	0	56	55
1623	59	0	57	56
1624	59	0	58	57
1625	58	0	17	2
1626	58	0	20	5
1627	58	0	23	8
1628	58	0	26	11
1629	58	0	29	14
1630	58	0	32	17
1631	58	0	35	20
1632	58	0	37	22
1633	58	0	39	24
1634	58	0	41	26
1635	58	0	36	31
1636	58	0	38	33
1637	58	0	40	35
1638	58	0	42	37
1639	58	0	44	39
1640	58	0	46	41
1641	58	0	48	43
1642	58	0	50	45
1643	58	0	52	47
1644	58	0	50	49
1645	58	0	52	51
1646	58	0	53	52
1647	58	0	54	53
1648	58	0	55	54
1649	58	0	56	55
1650	58	0	57	56
1651	57	0	16	1
1652	57	0	19	4
1653	57	0	22	7
1654	57	0	25	10
1655	57	0	28	13
1656	57	0	31	16
1657	57	0	34	19
1658	57	0	36	21
1659	57	0	38	23
1660	57	0	40	25
1661	57	0	35	30
1662	57	0	37	32
1663	57	0	39	34
1664	57	0	41	36
1665	57	0	43	38
1666	57	0	45	40
1667	57	0	47	42
1668	57	0	49	44
1669	57	0	51	46
1670	57	0	49	48
1671	57	0	51	50
1672	57	0	52	51
1673	57	0	53	52
1674	57	0	54	53
1675	57	0	55	54
1676	57	0	56	55
1677	56	0	18	3
1678	56	0	21	6
1679	56	0	24	9
1680	56	0	27	12
1681	56	0	30	15
1682	56	0	33	18
1683	56	0	35	20
1684	56	0	37	22
1685	56	0	39	24
1686	56	0	34	29
1687	56	0	36	31
1688	56	0	38	33
1689	56	0	40	35
1690	56	0	42	37
1691	56	0	44	39
1692	56	0	46	41
1693	56	0	48	43
1694	56	0	50	45
1695	56	0	48	47
1696	56	0	50	49
1697	56	0	51	50
1698	56	0	52	51
1699	56	0	53	52
1700	56	0	54	53
1701	56	0	55	54
1702	55	0	17	2
1703	55	0	20	5
1704	55	0	23	8
1705	55	0	26	11
1706	55	0	29	14
1707	55	0	32	17
1708	55	0	34	19
1709	55	0	36	21
1710	55	0	38	23
1711	55	0	33	28
1712	55	0	35	30
1713	55	0	37	32
1714	55	0	39	34
1715	55	0	41	36
1716	55	0	43	38
1717	55	0	45	40
1718	55	0	47	42
1719	55	0	49	44
1720	55	0	47	46
1721	55	0	49	48
1722	55	0	50	49
1723	55	0	51	50
1724	55	0	52	51
1725	55	0	53	52
1726	55	0	54	53
1727	54	0	16	1
1728	54	0	19	4
1729	54	0	22	7
1730	54	0	25	10
1731	54	0	28	13
1732	54	0	31	16
1733	54	0	33	18
1734	54	0	35	20
1735	54	0	37	22
1736	54	0	32	27
1737	54	0	34	29
1738	54	0	36	31
1739	54	0	38	33
1740	54	0	40	35
1741	54	0	42	37
1742	54	0	44	39
1743	54	0	46	41
1744	54	0	48	43
1745	54	0	46	45
1746	54	0	48	47
1747	54	0	49	48
1748	54	0	50	49
1749	54	0	51	50
1750	54	0	52	51
1751	54	0	53	52
1752	53	0	18	3
1753	53	0	21	6
1754	53	0	24	9
1755	53	0	27	12
1756	53	0	30	15
1757	53	0	32	17
1758	53	0	34	19
1759	53	0	36	21
1760	53	0	31	26
1761	53	0	33	28
1762	53	0	35	30
1763	53	0	37	32
1764	53	0	39	34
1765	53	0	41	36
1766	53	0	43	38
1767	53	0	45	40
1768	53	0	47	42
1769	53	0	45	44
1770	53	0	47	46
1771	53	0	48	47
1772	53	0	49	48
1773	53	0	50	49
1774	53	0	51	50
1775	53	0	52	51
1776	52	0	17	2
1777	52	0	20	5
1778	52	0	23	8
1779	52	0	26	11
1780	52	0	29	14
1781	52	0	31	16
1782	52	0	33	18
1783	52	0	35	20
1784	52	0	30	25
1785	52	0	32	27
1786	52	0	34	29
1787	52	0	36	31
1788	52	0	38	33
1789	52	0	40	35
1790	52	0	42	37
1791	52	0	44	39
1792	52	0	46	41
1793	52	0	44	43
1794	52	0	46	45
1795	52	0	47	46
1796	52	0	48	47
1797	52	0	49	48
1798	52	0	50	49
1799	52	0	51	50
1800	51	0	16	1
1801	51	0	19	4
1802	51	0	22	7
1803	51	0	25	10
1804	51	0	28	13
1805	51	0	30	15
1806	51	0	32	17
1807	51	0	34	19
1808	51	0	29	24
1809	51	0	31	26
1810	51	0	33	28
1811	51	0	35	30
1812	51	0	37	32
1813	51	0	39	34
1814	51	0	41	36
1815	51	0	43	38
1816	51	0	45	40
1817	51	0	43	42
1818	51	0	45	44
1819	51	0	46	45
1820	51	0	47	46
1821	51	0	48	47
1822	51	0	49	48
1823	51	0	50	49
1824	50	0	18	3
1825	50	0	21	6
1826	50	0	24	9
1827	50	0	27	12
1828	50	0	29	14
1829	50	0	31	16
1830	50	0	33	18
1831	50	0	28	23
1832	50	0	30	25
1833	50	0	32	27
1834	50	0	34	29
1835	50	0	36	31
1836	50	0	38	33
1837	50	0	40	35
1838	50	0	42	37
1839	50	0	44	39
1840	50	0	42	41
1841	50	0	44	43
1842	50	0	45	44
1843	50	0	46	45
1844	50	0	47	46
1845	50	0	48	47
1846	50	0	49	48
1847	49	0	17	2
1848	49	0	20	5
1849	49	0	23	8
1850	49	0	26	11
1851	49	0	28	13
1852	49	0	30	15
1853	49	0	32	17
1854	49	0	27	22
1855	49	0	29	24
1856	49	0	31	26
1857	49	0	33	28
1858	49	0	35	30
1859	49	0	37	32
1860	49	0	39	34
1861	49	0	41	36
1862	49	0	43	38
1863	49	0	41	40
1864	49	0	43	42
1865	49	0	44	43
1866	49	0	45	44
1867	49	0	46	45
1868	49	0	47	46
1869	49	0	48	47
1870	48	0	16	1
1871	48	0	19	4
1872	48	0	22	7
1873	48	0	25	10
1874	48	0	27	12
1875	48	0	29	14
1876	48	0	31	16
1877	48	0	26	21
1878	48	0	28	23
1879	48	0	30	25
1880	48	0	32	27
1881	48	0	34	29
1882	48	0	36	31
1883	48	0	38	33
1884	48	0	40	35
1885	48	0	42	37
1886	48	0	40	39
1887	48	0	42	41
1888	48	0	43	42
1889	48	0	44	43
1890	48	0	45	44
1891	48	0	46	45
1892	48	0	47	46
1893	47	0	18	3
1894	47	0	21	6
1895	47	0	24	9
1896	47	0	26	11
1897	47	0	28	13
1898	47	0	30	15
1899	47	0	25	20
1900	47	0	27	22
1901	47	0	29	24
1902	47	0	31	26
1903	47	0	33	28
1904	47	0	35	30
1905	47	0	37	32
1906	47	0	39	34
1907	47	0	41	36
1908	47	0	39	38
1909	47	0	41	40
1910	47	0	42	41
1911	47	0	43	42
1912	47	0	44	43
1913	47	0	45	44
1914	47	0	46	45
1915	46	0	17	2
1916	46	0	20	5
1917	46	0	23	8
1918	46	0	25	10
1919	46	0	27	12
1920	46	0	29	14
1921	46	0	24	19
1922	46	0	26	21
1923	46	0	28	23
1924	46	0	30	25
1925	46	0	32	27
1926	46	0	34	29
1927	46	0	36	31
1928	46	0	38	33
1929	46	0	40	35
1930	46	0	38	37
1931	46	0	40	39
1932	46	0	41	40
1933	46	0	42	41
1934	46	0	43	42
1935	46	0	44	43
1936	46	0	45	44
1937	45	0	16	1
1938	45	0	19	4
1939	45	0	22	7
1940	45	0	24	9
1941	45	0	26	11
1942	45	0	28	13
1943	45	0	23	18
1944	45	0	25	20
1945	45	0	27	22
1946	45	0	29	24
1947	45	0	31	26
1948	45	0	33	28
1949	45	0	35	30
1950	45	0	37	32
1951	45	0	39	34
1952	45	0	37	36
1953	45	0	39	38
1954	45	0	40	39
1955	45	0	41	40
1956	45	0	42	41
1957	45	0	43	42
1958	45	0	44	43
1959	44	0	18	3
1960	44	0	21	6
1961	44	0	23	8
1962	44	0	25	10
1963	44	0	27	12
1964	44	0	22	17
1965	44	0	24	19
1966	44	0	26	21
1967	44	0	28	23
1968	44	0	30	25
1969	44	0	32	27
1970	44	0	34	29
1971	44	0	36	31
1972	44	0	38	33
1973	44	0	36	35
1974	44	0	38	37
1975	44	0	39	38
1976	44	0	40	39
1977	44	0	41	40
1978	44	0	42	41
1979	44	0	43	42
1980	43	0	17	2
1981	43	0	20	5
1982	43	0	22	7
1983	43	0	24	9
1984	43	0	26	11
1985	43	0	21	16
1986	43	0	23	18
1987	43	0	25	20
1988	43	0	27	22
1989	43	0	29	24
1990	43	0	31	26
1991	43	0	33	28
1992	43	0	35	30
1993	43	0	37	32
1994	43	0	35	34
1995	43	0	37	36
1996	43	0	38	37
1997	43	0	39	38
1998	43	0	40	39
1999	43	0	41	40
2000	43	0	42	41
2001	42	0	16	1
2002	42	0	19	4
2003	42	0	21	6
2004	42	0	23	8
2005	42	0	25	10
2006	42	0	20	15
2007	42	0	22	17
2008	42	0	24	19
2009	42	0	26	21
2010	42	0	28	23
2011	42	0	30	25
2012	42	0	32	27
2013	42	0	34	29
2014	42	0	36	31
2015	42	0	34	33
2016	42	0	36	35
2017	42	0	37	36
2018	42	0	38	37
2019	42	0	39	38
2020	42	0	40	39
2021	42	0	41	40
2022	41	0	18	3
2023	41	0	20	5
2024	41	0	22	7
2025	41	0	24	9
2026	41	0	19	14
2027	41	0	21	16
2028	41	0	23	18
2029	41	0	25	20
2030	41	0	27	22
2031	41	0	29	24
2032	41	0	31	26
2033	41	0	33	28
2034	41	0	35	30
2035	41	0	33	32
2036	41	0	35	34
2037	41	0	36	35
2038	41	0	37	36
2039	41	0	38	37
2040	41	0	39	38
2041	41	0	40	39
2042	40	0	17	2
2043	40	0	19	4
2044	40	0	21	6
2045	40	0	23	8
2046	40	0	18	13
2047	40	0	20	15
2048	40	0	22	17
2049	40	0	24	19
2050	40	0	26	21
2051	40	0	28	23
2052	40	0	30	25
2053	40	0	32	27
2054	40	0	34	29
2055	40	0	32	31
2056	40	0	34	33
2057	40	0	35	34
2058	40	0	36	35
2059	40	0	37	36
2060	40	0	38	37
2061	40	0	39	38
2062	39	0	16	1
2063	39	0	18	3
2064	39	0	20	5
2065	39	0	22	7
2066	39	0	17	12
2067	39	0	19	14
2068	39	0	21	16
2069	39	0	23	18
2070	39	0	25	20
2071	39	0	27	22
2072	39	0	29	24
2073	39	0	31	26
2074	39	0	33	28
2075	39	0	31	30
2076	39	0	33	32
2077	39	0	34	33
2078	39	0	35	34
2079	39	0	36	35
2080	39	0	37	36
2081	39	0	38	37
2082	38	0	17	2
2083	38	0	19	4
2084	38	0	21	6
2085	38	0	16	11
2086	38	0	18	13
2087	38	0	20	15
2088	38	0	22	17
2089	38	0	24	19
2090	38	0	26	21
2091	38	0	28	23
2092	38	0	30	25
2093	38	0	32	27
2094	38	0	30	29
2095	38	0	32	31
2096	38	0	33	32
2097	38	0	34	33
2098	38	0	35	34
2099	38	0	36	35
2100	38	0	37	36
2101	37	0	16	1
2102	37	0	18	3
2103	37	0	20	5
2104	37	0	15	10
2105	37	0	17	12
2106	37	0	19	14
2107	37	0	21	16
2108	37	0	23	18
2109	37	0	25	20
2110	37	0	27	22
2111	37	0	29	24
2112	37	0	31	26
2113	37	0	29	28
2114	37	0	31	30
2115	37	0	32	31
2116	37	0	33	32
2117	37	0	34	33
2118	37	0	35	34
2119	37	0	36	35
2120	36	0	17	2
2121	36	0	19	4
2122	36	0	14	9
2123	36	0	16	11
2124	36	0	18	13
2125	36	0	20	15
2126	36	0	22	17
2127	36	0	24	19
2128	36	0	26	21
2129	36	0	28	23
2130	36	0	30	25
2131	36	0	28	27
2132	36	0	30	29
2133	36	0	31	30
2134	36	0	32	31
2135	36	0	33	32
2136	36	0	34	33
2137	36	0	35	34
2138	35	0	16	1
2139	35	0	18	3
2140	35	0	13	8
2141	35	0	15	10
2142	35	0	17	12
2143	35	0	19	14
2144	35	0	21	16
2145	35	0	23	18
2146	35	0	25	20
2147	35	0	27	22
2148	35	0	29	24
2149	35	0	27	26
2150	35	0	29	28
2151	35	0	30	29
2152	35	0	31	30
2153	35	0	32	31
2154	35	0	33	32
2155	35	0	34	33
2156	34	0	17	2
2157	34	0	12	7
2158	34	0	14	9
2159	34	0	16	11
2160	34	0	18	13
2161	34	0	20	15
2162	34	0	22	17
2163	34	0	24	19
2164	34	0	26	21
2165	34	0	28	23
2166	34	0	26	25
2167	34	0	28	27
2168	34	0	29	28
2169	34	0	30	29
2170	34	0	31	30
2171	34	0	32	31
2172	34	0	33	32
2173	33	0	16	1
2174	33	0	11	6
2175	33	0	13	8
2176	33	0	15	10
2177	33	0	17	12
2178	33	0	19	14
2179	33	0	21	16
2180	33	0	23	18
2181	33	0	25	20
2182	33	0	27	22
2183	33	0	25	24
2184	33	0	27	26
2185	33	0	28	27
2186	33	0	29	28
2187	33	0	30	29
2188	33	0	31	30
2189	33	0	32	31
2190	32	0	10	5
2191	32	0	12	7
2192	32	0	14	9
2193	32	0	16	11
2194	32	0	18	13
2195	32	0	20	15
2196	32	0	22	17
2197	32	0	24	19
2198	32	0	26	21
2199	32	0	24	23
2200	32	0	26	25
2201	32	0	27	26
2202	32	0	28	27
2203	32	0	29	28
2204	32	0	30	29
2205	32	0	31	30
2206	31	0	9	4
2207	31	0	11	6
2208	31	0	13	8
2209	31	0	15	10
2210	31	0	17	12
2211	31	0	19	14
2212	31	0	21	16
2213	31	0	23	18
2214	31	0	25	20
2215	31	0	23	22
2216	31	0	25	24
2217	31	0	26	25
2218	31	0	27	26
2219	31	0	28	27
2220	31	0	29	28
2221	31	0	30	29
2222	30	0	8	3
2223	30	0	10	5
2224	30	0	12	7
2225	30	0	14	9
2226	30	0	16	11
2227	30	0	18	13
2228	30	0	20	15
2229	30	0	22	17
2230	30	0	24	19
2231	30	0	22	21
2232	30	0	24	23
2233	30	0	25	24
2234	30	0	26	25
2235	30	0	27	26
2236	30	0	28	27
2237	30	0	29	28
2238	29	0	7	2
2239	29	0	9	4
2240	29	0	11	6
2241	29	0	13	8
2242	29	0	15	10
2243	29	0	17	12
2244	29	0	19	14
2245	29	0	21	16
2246	29	0	23	18
2247	29	0	21	20
2248	29	0	23	22
2249	29	0	24	23
2250	29	0	25	24
2251	29	0	26	25
2252	29	0	27	26
2253	29	0	28	27
2254	28	0	6	1
2255	28	0	8	3
2256	28	0	10	5
2257	28	0	12	7
2258	28	0	14	9
2259	28	0	16	11
2260	28	0	18	13
2261	28	0	20	15
2262	28	0	22	17
2263	28	0	20	19
2264	28	0	22	21
2265	28	0	23	22
2266	28	0	24	23
2267	28	0	25	24
2268	28	0	26	25
2269	28	0	27	26
2270	27	0	7	2
2271	27	0	9	4
2272	27	0	11	6
2273	27	0	13	8
2274	27	0	15	10
2275	27	0	17	12
2276	27	0	19	14
2277	27	0	21	16
2278	27	0	19	18
2279	27	0	21	20
2280	27	0	22	21
2281	27	0	23	22
2282	27	0	24	23
2283	27	0	25	24
2284	27	0	26	25
2285	26	0	6	1
2286	26	0	8	3
2287	26	0	10	5
2288	26	0	12	7
2289	26	0	14	9
2290	26	0	16	11
2291	26	0	18	13
2292	26	0	20	15
2293	26	0	18	17
2294	26	0	20	19
2295	26	0	21	20
2296	26	0	22	21
2297	26	0	23	22
2298	26	0	24	23
2299	26	0	25	24
2300	25	0	7	2
2301	25	0	9	4
2302	25	0	11	6
2303	25	0	13	8
2304	25	0	15	10
2305	25	0	17	12
2306	25	0	19	14
2307	25	0	17	16
2308	25	0	19	18
2309	25	0	20	19
2310	25	0	21	20
2311	25	0	22	21
2312	25	0	23	22
2313	25	0	24	23
2314	24	0	6	1
2315	24	0	8	3
2316	24	0	10	5
2317	24	0	12	7
2318	24	0	14	9
2319	24	0	16	11
2320	24	0	18	13
2321	24	0	16	15
2322	24	0	18	17
2323	24	0	19	18
2324	24	0	20	19
2325	24	0	21	20
2326	24	0	22	21
2327	24	0	23	22
2328	23	0	7	2
2329	23	0	9	4
2330	23	0	11	6
2331	23	0	13	8
2332	23	0	15	10
2333	23	0	17	12
2334	23	0	15	14
2335	23	0	17	16
2336	23	0	18	17
2337	23	0	19	18
2338	23	0	20	19
2339	23	0	21	20
2340	23	0	22	21
2341	22	0	6	1
2342	22	0	8	3
2343	22	0	10	5
2344	22	0	12	7
2345	22	0	14	9
2346	22	0	16	11
2347	22	0	14	13
2348	22	0	16	15
2349	22	0	17	16
2350	22	0	18	17
2351	22	0	19	18
2352	22	0	20	19
2353	22	0	21	20
2354	21	0	7	2
2355	21	0	9	4
2356	21	0	11	6
2357	21	0	13	8
2358	21	0	15	10
2359	21	0	13	12
2360	21	0	15	14
2361	21	0	16	15
2362	21	0	17	16
2363	21	0	18	17
2364	21	0	19	18
2365	21	0	20	19
2366	20	0	6	1
2367	20	0	8	3
2368	20	0	10	5
2369	20	0	12	7
2370	20	0	14	9
2371	20	0	12	11
2372	20	0	14	13
2373	20	0	15	14
2374	20	0	16	15
2375	20	0	17	16
2376	20	0	18	17
2377	20	0	19	18
2378	19	0	7	2
2379	19	0	9	4
2380	19	0	11	6
2381	19	0	13	8
2382	19	0	11	10
2383	19	0	13	12
2384	19	0	14	13
2385	19	0	15	14
2386	19	0	16	15
2387	19	0	17	16
2388	19	0	18	17
2389	18	0	6	1
2390	18	0	8	3
2391	18	0	10	5
2392	18	0	12	7
2393	18	0	10	9
2394	18	0	12	11
2395	18	0	13	12
2396	18	0	14	13
2397	18	0	15	14
2398	18	0	16	15
2399	18	0	17	16
2400	17	0	7	2
2401	17	0	9	4
2402	17	0	11	6
2403	17	0	9	8
2404	17	0	11	10
2405	17	0	12	11
2406	17	0	13	12
2407	17	0	14	13
2408	17	0	15	14
2409	17	0	16	15
2410	16	0	6	1
2411	16	0	8	3
2412	16	0	10	5
2413	16	0	8	7
2414	16	0	10	9
2415	16	0	11	10
2416	16	0	12	11
2417	16	0	13	12
2418	16	0	14	13
2419	16	0	15	14
2420	15	0	7	2
2421	15	0	9	4
2422	15	0	7	6
2423	15	0	9	8
2424	15	0	10	9
2425	15	0	11	10
2426	15	0	12	11
2427	15	0	13	12
2428	15	0	14	13
2429	14	0	6	1
2430	14	0	8	3
2431	14	0	6	5
2432	14	0	8	7
2433	14	0	9	8
2434	14	0	10	9
2435	14	0	11	10
2436	14	0	12	11
2437	14	0	13	12
2438	13	0	7	2
2439	13	0	5	4
2440	13	0	7	6
2441	13	0	8	7
2442	13	0	9	8
2443	13	0	10	9
2444	13	0	11	10
2445	13	0	12	11
2446	12	0	6	1
2447	12	0	4	3
2448	12	0	6	5
2449	12	0	7	6
2450	12	0	8	7
2451	12	0	9	8
2452	12	0	10	9
2453	12	0	11	10
2454	11	0	3	2
2455	11	0	5	4
2456	11	0	6	5
2457	11	0	7	6
2458	11	0	8	7
2459	11	0	9	8
2460	11	0	10	9
2461	10	0	2	1
2462	10	0	4	3
2463	10	0	5	4
2464	10	0	6	5
2465	10	0	7	6
2466	10	0	8	7
2467	10	0	9	8
2468	9	0	3	2
2469	9	0	4	3
2470	9	0	5	4
2471	9	0	6	5
2472	9	0	7	6
2473	9	0	8	7
2474	8	0	2	1
2475	8	0	3	2
2476	8	0	4	3
2477	8	0	5	4
2478	8	0	6	5
2479	8	0	7	6
2480	7	0	2	1
2481	7	0	3	2
2482	7	0	4	3
2483	7	0	5	4
2484	7	0	6	5
2485	6	0	2	1
2486	6	0	3	2
2487	6	0	4	3
2488	6	0	5	4
2489	5	0	2	1
2490	5	0	3	2
2491	5	0	4	3
2492	4	0	2	1
2493	4	0	3	2
2494	3	0	2	1
