# X Y Z
1	0.00 0 0
2	5.00 0 0
3	10.00 0 0
4	15.00 0 0
5	20.00 0 0
6	25.00 0 0
7	30.00 0 0
8	35.00 0 0
9	40.00 0 0
10	45.00 0 0
11	50.00 0 0
12	55.00 0 0
13	60.00 0 0
14	65.00 0 0
15	70.00 0 0
16	75.00 0 0
17	80.00 0 0
18	85.00 0 0
19	90.00 0 0
20	95.00 0 0
21	100.00 0 0
22	105.00 0 0
23	110.00 0 0
24	115.00 0 0
25	120.00 0 0
26	125.00 0 0
27	130.00 0 0
28	135.00 0 0
29	140.00 0 0
30	145.00 0 0
31	150.00 0 0
32	155.00 0 0
33	160.00 0 0
34	165.00 0 0
35	170.00 0 0
36	175.00 0 0
37	180.00 0 0
38	185.00 0 0
39	190.00 0 0
40	195.00 0 0
41	200.00 0 0
42	205.00 0 0
43	210.00 0 0
44	215.00 0 0
45	220.00 0 0
46	225.00 0 0
47	230.00 0 0
48	235.00 0 0
49	240.00 0 0
50	245.00 0 0
51	250.00 0 0
52	255.00 0 0
53	260.00 0 0
54	265.00 0 0
55	270.00 0 0
56	275.00 0 0
57	280.00 0 0
58	285.00 0 0
59	290.00 0 0
60	295.00 0 0
61	300.00 0 0
62	305.00 0 0
63	310.00 0 0
64	315.00 0 0
65	320.00 0 0
66	325.00 0 0
67	330.00 0 0
68	335.00 0 0
69	340.00 0 0
70	345.00 0 0
71	350.00 0 0
72	355.00 0 0
# A B M N
1	1	16	70	55
2	1	16	66	51
3	1	16	62	47
4	1	16	58	43
5	1	16	54	39
6	1	16	50	35
7	2	17	71	56
8	2	17	67	52
9	2	17	63	48
10	2	17	59	44
11	2	17	55	40
12	2	17	51	36
13	3	18	72	57
14	3	18	68	53
15	3	18	64	49
16	3	18	60	45
17	3	18	56	41
18	3	18	52	37
19	4	19	69	54
20	4	19	65	50
21	4	19	61	46
22	4	19	57	42
23	4	19	53	38
24	5	20	70	55
25	5	20	66	51
26	5	20	62	47
27	5	20	58	43
28	5	20	54	39
29	6	21	71	56
30	6	21	67	52
31	6	21	63	48
32	6	21	59	44
33	6	21	55	40
34	7	22	72	57
35	7	22	68	53
36	7	22	64	49
37	7	22	60	45
38	7	22	56	41
39	8	23	69	54
40	8	23	65	50
41	8	23	61	46
42	8	23	57	42
43	9	24	70	55
44	9	24	66	51
45	9	24	62	47
46	9	24	58	43
47	10	25	71	56
48	10	25	67	52
49	10	25	63	48
50	10	25	59	44
51	11	26	72	57
52	11	26	68	53
53	11	26	64	49
54	11	26	60	45
55	12	27	69	54
56	12	27	65	50
57	12	27	61	46
58	13	28	70	55
59	13	28	66	51
60	13	28	62	47
61	14	29	71	56
62	14	29	67	52
63	14	29	63	48
64	15	30	72	57
65	15	30	68	53
66	15	30	64	49
67	16	31	69	54
68	16	31	65	50
69	17	32	70	55
70	17	32	66	51
71	18	33	71	56
72	18	33	67	52
73	19	34	72	57
74	19	34	68	53
75	20	35	69	54
76	21	36	70	55
77	22	37	71	56
78	23	38	72	57
79	1	10	44	35
80	1	10	40	31
81	1	10	36	27
82	1	10	32	23
83	2	11	45	36
84	2	11	41	32
85	2	11	37	28
86	2	11	33	24
87	3	12	46	37
88	3	12	42	33
89	3	12	38	29
90	3	12	34	25
91	4	13	47	38
92	4	13	43	34
93	4	13	39	30
94	4	13	35	26
95	5	14	48	39
96	5	14	44	35
97	5	14	40	31
98	5	14	36	27
99	6	15	49	40
100	6	15	45	36
101	6	15	41	32
102	6	15	37	28
103	7	16	50	41
104	7	16	46	37
105	7	16	42	33
106	7	16	38	29
107	8	17	51	42
108	8	17	47	38
109	8	17	43	34
110	8	17	39	30
111	9	18	52	43
112	9	18	48	39
113	9	18	44	35
114	9	18	40	31
115	10	19	53	44
116	10	19	49	40
117	10	19	45	36
118	10	19	41	32
119	11	20	54	45
120	11	20	50	41
121	11	20	46	37
122	11	20	42	33
123	12	21	55	46
124	12	21	51	42
125	12	21	47	38
126	12	21	43	34
127	13	22	56	47
128	13	22	52	43
129	13	22	48	39
130	13	22	44	35
131	14	23	57	48
132	14	23	53	44
133	14	23	49	40
134	14	23	45	36
135	15	24	58	49
136	15	24	54	45
137	15	24	50	41
138	15	24	46	37
139	16	25	59	50
140	16	25	55	46
141	16	25	51	42
142	16	25	47	38
143	17	26	60	51
144	17	26	56	47
145	17	26	52	43
146	17	26	48	39
147	18	27	61	52
148	18	27	57	48
149	18	27	53	44
150	18	27	49	40
151	19	28	62	53
152	19	28	58	49
153	19	28	54	45
154	19	28	50	41
155	20	29	63	54
156	20	29	59	50
157	20	29	55	46
158	20	29	51	42
159	21	30	64	55
160	21	30	60	51
161	21	30	56	47
162	21	30	52	43
163	22	31	65	56
164	22	31	61	52
165	22	31	57	48
166	22	31	53	44
167	23	32	66	57
168	23	32	62	53
169	23	32	58	49
170	23	32	54	45
171	24	33	67	58
172	24	33	63	54
173	24	33	59	50
174	24	33	55	46
175	25	34	68	59
176	25	34	64	55
177	25	34	60	51
178	25	34	56	47
179	26	35	69	60
180	26	35	65	56
181	26	35	61	52
182	26	35	57	48
183	27	36	70	61
184	27	36	66	57
185	27	36	62	53
186	27	36	58	49
187	28	37	71	62
188	28	37	67	58
189	28	37	63	54
190	28	37	59	50
191	29	38	72	63
192	29	38	68	59
193	29	38	64	55
194	29	38	60	51
195	30	39	69	60
196	30	39	65	56
197	30	39	61	52
198	31	40	70	61
199	31	40	66	57
200	31	40	62	53
201	32	41	71	62
202	32	41	67	58
203	32	41	63	54
204	33	42	72	63
205	33	42	68	59
206	33	42	64	55
207	34	43	69	60
208	34	43	65	56
209	35	44	70	61
210	35	44	66	57
211	36	45	71	62
212	36	45	67	58
213	37	46	72	63
214	37	46	68	59
215	38	47	69	60
216	39	48	70	61
217	40	49	71	62
218	41	50	72	63
219	1	6	28	23
220	1	6	26	21
221	1	6	24	19
222	1	6	22	17
223	1	6	20	15
224	2	7	29	24
225	2	7	27	22
226	2	7	25	20
227	2	7	23	18
228	2	7	21	16
229	3	8	30	25
230	3	8	28	23
231	3	8	26	21
232	3	8	24	19
233	3	8	22	17
234	4	9	31	26
235	4	9	29	24
236	4	9	27	22
237	4	9	25	20
238	4	9	23	18
239	5	10	32	27
240	5	10	30	25
241	5	10	28	23
242	5	10	26	21
243	5	10	24	19
244	6	11	33	28
245	6	11	31	26
246	6	11	29	24
247	6	11	27	22
248	6	11	25	20
249	7	12	34	29
250	7	12	32	27
251	7	12	30	25
252	7	12	28	23
253	7	12	26	21
254	8	13	35	30
255	8	13	33	28
256	8	13	31	26
257	8	13	29	24
258	8	13	27	22
259	9	14	36	31
260	9	14	34	29
261	9	14	32	27
262	9	14	30	25
263	9	14	28	23
264	10	15	37	32
265	10	15	35	30
266	10	15	33	28
267	10	15	31	26
268	10	15	29	24
269	11	16	38	33
270	11	16	36	31
271	11	16	34	29
272	11	16	32	27
273	11	16	30	25
274	12	17	39	34
275	12	17	37	32
276	12	17	35	30
277	12	17	33	28
278	12	17	31	26
279	13	18	40	35
280	13	18	38	33
281	13	18	36	31
282	13	18	34	29
283	13	18	32	27
284	14	19	41	36
285	14	19	39	34
286	14	19	37	32
287	14	19	35	30
288	14	19	33	28
289	15	20	42	37
290	15	20	40	35
291	15	20	38	33
292	15	20	36	31
293	15	20	34	29
294	16	21	43	38
295	16	21	41	36
296	16	21	39	34
297	16	21	37	32
298	16	21	35	30
299	17	22	44	39
300	17	22	42	37
301	17	22	40	35
302	17	22	38	33
303	17	22	36	31
304	18	23	45	40
305	18	23	43	38
306	18	23	41	36
307	18	23	39	34
308	18	23	37	32
309	19	24	46	41
310	19	24	44	39
311	19	24	42	37
312	19	24	40	35
313	19	24	38	33
314	20	25	47	42
315	20	25	45	40
316	20	25	43	38
317	20	25	41	36
318	20	25	39	34
319	21	26	48	43
320	21	26	46	41
321	21	26	44	39
322	21	26	42	37
323	21	26	40	35
324	22	27	49	44
325	22	27	47	42
326	22	27	45	40
327	22	27	43	38
328	22	27	41	36
329	23	28	50	45
330	23	28	48	43
331	23	28	46	41
332	23	28	44	39
333	23	28	42	37
334	24	29	51	46
335	24	29	49	44
336	24	29	47	42
337	24	29	45	40
338	24	29	43	38
339	25	30	52	47
340	25	30	50	45
341	25	30	48	43
342	25	30	46	41
343	25	30	44	39
344	26	31	53	48
345	26	31	51	46
346	26	31	49	44
347	26	31	47	42
348	26	31	45	40
349	27	32	54	49
350	27	32	52	47
351	27	32	50	45
352	27	32	48	43
353	27	32	46	41
354	28	33	55	50
355	28	33	53	48
356	28	33	51	46
357	28	33	49	44
358	28	33	47	42
359	29	34	56	51
360	29	34	54	49
361	29	34	52	47
362	29	34	50	45
363	29	34	48	43
364	30	35	57	52
365	30	35	55	50
366	30	35	53	48
367	30	35	51	46
368	30	35	49	44
369	31	36	58	53
370	31	36	56	51
371	31	36	54	49
372	31	36	52	47
373	31	36	50	45
374	32	37	59	54
375	32	37	57	52
376	32	37	55	50
377	32	37	53	48
378	32	37	51	46
379	33	38	60	55
380	33	38	58	53
381	33	38	56	51
382	33	38	54	49
383	33	38	52	47
384	34	39	61	56
385	34	39	59	54
386	34	39	57	52
387	34	39	55	50
388	34	39	53	48
389	35	40	62	57
390	35	40	60	55
391	35	40	58	53
392	35	40	56	51
393	35	40	54	49
394	36	41	63	58
395	36	41	61	56
396	36	41	59	54
397	36	41	57	52
398	36	41	55	50
399	37	42	64	59
400	37	42	62	57
401	37	42	60	55
402	37	42	58	53
403	37	42	56	51
404	38	43	65	60
405	38	43	63	58
406	38	43	61	56
407	38	43	59	54
408	38	43	57	52
409	39	44	66	61
410	39	44	64	59
411	39	44	62	57
412	39	44	60	55
413	39	44	58	53
414	40	45	67	62
415	40	45	65	60
416	40	45	63	58
417	40	45	61	56
418	40	45	59	54
419	41	46	68	63
420	41	46	66	61
421	41	46	64	59
422	41	46	62	57
423	41	46	60	55
424	42	47	69	64
425	42	47	67	62
426	42	47	65	60
427	42	47	63	58
428	42	47	61	56
429	43	48	70	65
430	43	48	68	63
431	43	48	66	61
432	43	48	64	59
433	43	48	62	57
434	44	49	71	66
435	44	49	69	64
436	44	49	67	62
437	44	49	65	60
438	44	49	63	58
439	45	50	72	67
440	45	50	70	65
441	45	50	68	63
442	45	50	66	61
443	45	50	64	59
444	46	51	71	66
445	46	51	69	64
446	46	51	67	62
447	46	51	65	60
448	47	52	72	67
449	47	52	70	65
450	47	52	68	63
451	47	52	66	61
452	48	53	71	66
453	48	53	69	64
454	48	53	67	62
455	49	54	72	67
456	49	54	70	65
457	49	54	68	63
458	50	55	71	66
459	50	55	69	64
460	51	56	72	67
461	51	56	70	65
462	52	57	71	66
463	53	58	72	67
464	1	4	18	15
465	1	4	16	13
466	1	4	14	11
467	1	4	12	9
468	2	5	19	16
469	2	5	17	14
470	2	5	15	12
471	2	5	13	10
472	3	6	20	17
473	3	6	18	15
474	3	6	16	13
475	3	6	14	11
476	4	7	21	18
477	4	7	19	16
478	4	7	17	14
479	4	7	15	12
480	5	8	22	19
481	5	8	20	17
482	5	8	18	15
483	5	8	16	13
484	6	9	23	20
485	6	9	21	18
486	6	9	19	16
487	6	9	17	14
488	7	10	24	21
489	7	10	22	19
490	7	10	20	17
491	7	10	18	15
492	8	11	25	22
493	8	11	23	20
494	8	11	21	18
495	8	11	19	16
496	9	12	26	23
497	9	12	24	21
498	9	12	22	19
499	9	12	20	17
500	10	13	27	24
501	10	13	25	22
502	10	13	23	20
503	10	13	21	18
504	11	14	28	25
505	11	14	26	23
506	11	14	24	21
507	11	14	22	19
508	12	15	29	26
509	12	15	27	24
510	12	15	25	22
511	12	15	23	20
512	13	16	30	27
513	13	16	28	25
514	13	16	26	23
515	13	16	24	21
516	14	17	31	28
517	14	17	29	26
518	14	17	27	24
519	14	17	25	22
520	15	18	32	29
521	15	18	30	27
522	15	18	28	25
523	15	18	26	23
524	16	19	33	30
525	16	19	31	28
526	16	19	29	26
527	16	19	27	24
528	17	20	34	31
529	17	20	32	29
530	17	20	30	27
531	17	20	28	25
532	18	21	35	32
533	18	21	33	30
534	18	21	31	28
535	18	21	29	26
536	19	22	36	33
537	19	22	34	31
538	19	22	32	29
539	19	22	30	27
540	20	23	37	34
541	20	23	35	32
542	20	23	33	30
543	20	23	31	28
544	21	24	38	35
545	21	24	36	33
546	21	24	34	31
547	21	24	32	29
548	22	25	39	36
549	22	25	37	34
550	22	25	35	32
551	22	25	33	30
552	23	26	40	37
553	23	26	38	35
554	23	26	36	33
555	23	26	34	31
556	24	27	41	38
557	24	27	39	36
558	24	27	37	34
559	24	27	35	32
560	25	28	42	39
561	25	28	40	37
562	25	28	38	35
563	25	28	36	33
564	26	29	43	40
565	26	29	41	38
566	26	29	39	36
567	26	29	37	34
568	27	30	44	41
569	27	30	42	39
570	27	30	40	37
571	27	30	38	35
572	28	31	45	42
573	28	31	43	40
574	28	31	41	38
575	28	31	39	36
576	29	32	46	43
577	29	32	44	41
578	29	32	42	39
579	29	32	40	37
580	30	33	47	44
581	30	33	45	42
582	30	33	43	40
583	30	33	41	38
584	31	34	48	45
585	31	34	46	43
586	31	34	44	41
587	31	34	42	39
588	32	35	49	46
589	32	35	47	44
590	32	35	45	42
591	32	35	43	40
592	33	36	50	47
593	33	36	48	45
594	33	36	46	43
595	33	36	44	41
596	34	37	51	48
597	34	37	49	46
598	34	37	47	44
599	34	37	45	42
600	35	38	52	49
601	35	38	50	47
602	35	38	48	45
603	35	38	46	43
604	36	39	53	50
605	36	39	51	48
606	36	39	49	46
607	36	39	47	44
608	37	40	54	51
609	37	40	52	49
610	37	40	50	47
611	37	40	48	45
612	38	41	55	52
613	38	41	53	50
614	38	41	51	48
615	38	41	49	46
616	39	42	56	53
617	39	42	54	51
618	39	42	52	49
619	39	42	50	47
620	40	43	57	54
621	40	43	55	52
622	40	43	53	50
623	40	43	51	48
624	41	44	58	55
625	41	44	56	53
626	41	44	54	51
627	41	44	52	49
628	42	45	59	56
629	42	45	57	54
630	42	45	55	52
631	42	45	53	50
632	43	46	60	57
633	43	46	58	55
634	43	46	56	53
635	43	46	54	51
636	44	47	61	58
637	44	47	59	56
638	44	47	57	54
639	44	47	55	52
640	45	48	62	59
641	45	48	60	57
642	45	48	58	55
643	45	48	56	53
644	46	49	63	60
645	46	49	61	58
646	46	49	59	56
647	46	49	57	54
648	47	50	64	61
649	47	50	62	59
650	47	50	60	57
651	47	50	58	55
652	48	51	65	62
653	48	51	63	60
654	48	51	61	58
655	48	51	59	56
656	49	52	66	63
657	49	52	64	61
658	49	52	62	59
659	49	52	60	57
660	50	53	67	64
661	50	53	65	62
662	50	53	63	60
663	50	53	61	58
664	51	54	68	65
665	51	54	66	63
666	51	54	64	61
667	51	54	62	59
668	52	55	69	66
669	52	55	67	64
670	52	55	65	62
671	52	55	63	60
672	53	56	70	67
673	53	56	68	65
674	53	56	66	63
675	53	56	64	61
676	54	57	71	68
677	54	57	69	66
678	54	57	67	64
679	54	57	65	62
680	55	58	72	69
681	55	58	70	67
682	55	58	68	65
683	55	58	66	63
684	56	59	71	68
685	56	59	69	66
686	56	59	67	64
687	57	60	72	69
688	57	60	70	67
689	57	60	68	65
690	58	61	71	68
691	58	61	69	66
692	59	62	72	69
693	59	62	70	67
694	60	63	71	68
695	61	64	72	69
696	1	2	10	9
697	1	2	8	7
698	1	2	6	5
699	1	2	4	3
700	2	3	11	10
701	2	3	9	8
702	2	3	7	6
703	2	3	5	4
704	3	4	12	11
705	3	4	10	9
706	3	4	8	7
707	3	4	6	5
708	4	5	13	12
709	4	5	11	10
710	4	5	9	8
711	4	5	7	6
712	5	6	14	13
713	5	6	12	11
714	5	6	10	9
715	5	6	8	7
716	6	7	15	14
717	6	7	13	12
718	6	7	11	10
719	6	7	9	8
720	7	8	16	15
721	7	8	14	13
722	7	8	12	11
723	7	8	10	9
724	8	9	17	16
725	8	9	15	14
726	8	9	13	12
727	8	9	11	10
728	9	10	18	17
729	9	10	16	15
730	9	10	14	13
731	9	10	12	11
732	10	11	19	18
733	10	11	17	16
734	10	11	15	14
735	10	11	13	12
736	11	12	20	19
737	11	12	18	17
738	11	12	16	15
739	11	12	14	13
740	12	13	21	20
741	12	13	19	18
742	12	13	17	16
743	12	13	15	14
744	13	14	22	21
745	13	14	20	19
746	13	14	18	17
747	13	14	16	15
748	14	15	23	22
749	14	15	21	20
750	14	15	19	18
751	14	15	17	16
752	15	16	24	23
753	15	16	22	21
754	15	16	20	19
755	15	16	18	17
756	16	17	25	24
757	16	17	23	22
758	16	17	21	20
759	16	17	19	18
760	17	18	26	25
761	17	18	24	23
762	17	18	22	21
763	17	18	20	19
764	18	19	27	26
765	18	19	25	24
766	18	19	23	22
767	18	19	21	20
768	19	20	28	27
769	19	20	26	25
770	19	20	24	23
771	19	20	22	21
772	20	21	29	28
773	20	21	27	26
774	20	21	25	24
775	20	21	23	22
776	21	22	30	29
777	21	22	28	27
778	21	22	26	25
779	21	22	24	23
780	22	23	31	30
781	22	23	29	28
782	22	23	27	26
783	22	23	25	24
784	23	24	32	31
785	23	24	30	29
786	23	24	28	27
787	23	24	26	25
788	24	25	33	32
789	24	25	31	30
790	24	25	29	28
791	24	25	27	26
792	25	26	34	33
793	25	26	32	31
794	25	26	30	29
795	25	26	28	27
796	26	27	35	34
797	26	27	33	32
798	26	27	31	30
799	26	27	29	28
800	27	28	36	35
801	27	28	34	33
802	27	28	32	31
803	27	28	30	29
804	28	29	37	36
805	28	29	35	34
806	28	29	33	32
807	28	29	31	30
808	29	30	38	37
809	29	30	36	35
810	29	30	34	33
811	29	30	32	31
812	30	31	39	38
813	30	31	37	36
814	30	31	35	34
815	30	31	33	32
816	31	32	40	39
817	31	32	38	37
818	31	32	36	35
819	31	32	34	33
820	32	33	41	40
821	32	33	39	38
822	32	33	37	36
823	32	33	35	34
824	33	34	42	41
825	33	34	40	39
826	33	34	38	37
827	33	34	36	35
828	34	35	43	42
829	34	35	41	40
830	34	35	39	38
831	34	35	37	36
832	35	36	44	43
833	35	36	42	41
834	35	36	40	39
835	35	36	38	37
836	36	37	45	44
837	36	37	43	42
838	36	37	41	40
839	36	37	39	38
840	37	38	46	45
841	37	38	44	43
842	37	38	42	41
843	37	38	40	39
844	38	39	47	46
845	38	39	45	44
846	38	39	43	42
847	38	39	41	40
848	39	40	48	47
849	39	40	46	45
850	39	40	44	43
851	39	40	42	41
852	40	41	49	48
853	40	41	47	46
854	40	41	45	44
855	40	41	43	42
856	41	42	50	49
857	41	42	48	47
858	41	42	46	45
859	41	42	44	43
860	42	43	51	50
861	42	43	49	48
862	42	43	47	46
863	42	43	45	44
864	43	44	52	51
865	43	44	50	49
866	43	44	48	47
867	43	44	46	45
868	44	45	53	52
869	44	45	51	50
870	44	45	49	48
871	44	45	47	46
872	45	46	54	53
873	45	46	52	51
874	45	46	50	49
875	45	46	48	47
876	46	47	55	54
877	46	47	53	52
878	46	47	51	50
879	46	47	49	48
880	47	48	56	55
881	47	48	54	53
882	47	48	52	51
883	47	48	50	49
884	48	49	57	56
885	48	49	55	54
886	48	49	53	52
887	48	49	51	50
888	49	50	58	57
889	49	50	56	55
890	49	50	54	53
891	49	50	52	51
892	50	51	59	58
893	50	51	57	56
894	50	51	55	54
895	50	51	53	52
896	51	52	60	59
897	51	52	58	57
898	51	52	56	55
899	51	52	54	53
900	52	53	61	60
901	52	53	59	58
902	52	53	57	56
903	52	53	55	54
904	53	54	62	61
905	53	54	60	59
906	53	54	58	57
907	53	54	56	55
908	54	55	63	62
909	54	55	61	60
910	54	55	59	58
911	54	55	57	56
912	55	56	64	63
913	55	56	62	61
914	55	56	60	59
915	55	56	58	57
916	56	57	65	64
917	56	57	63	62
918	56	57	61	60
919	56	57	59	58
920	57	58	66	65
921	57	58	64	63
922	57	58	62	61
923	57	58	60	59
924	58	59	67	66
925	58	59	65	64
926	58	59	63	62
927	58	59	61	60
928	59	60	68	67
929	59	60	66	65
930	59	60	64	63
931	59	60	62	61
932	60	61	69	68
933	60	61	67	66
934	60	61	65	64
935	60	61	63	62
936	61	62	70	69
937	61	62	68	67
938	61	62	66	65
939	61	62	64	63
940	62	63	71	70
941	62	63	69	68
942	62	63	67	66
943	62	63	65	64
944	63	64	72	71
945	63	64	70	69
946	63	64	68	67
947	63	64	66	65
948	64	65	71	70
949	64	65	69	68
950	64	65	67	66
951	65	66	72	71
952	65	66	70	69
953	65	66	68	67
954	66	67	71	70
955	66	67	69	68
956	67	68	72	71
957	67	68	70	69
958	68	69	71	70
959	69	70	72	71
960	18	33	1	50
961	19	34	2	51
962	20	35	1	54
963	20	35	3	52
964	21	36	2	55
965	21	36	4	53
966	22	37	1	58
967	22	37	3	56
968	22	37	5	54
969	23	38	2	59
970	23	38	4	57
971	23	38	6	55
972	24	39	1	62
973	24	39	3	60
974	24	39	5	58
975	24	39	7	56
976	25	40	2	63
977	25	40	4	61
978	25	40	6	59
979	25	40	8	57
980	26	41	1	66
981	26	41	3	64
982	26	41	5	62
983	26	41	7	60
984	26	41	9	58
985	27	42	2	67
986	27	42	4	65
987	27	42	6	63
988	27	42	8	61
989	27	42	10	59
990	28	43	1	70
991	28	43	3	68
992	28	43	5	66
993	28	43	7	64
994	28	43	9	62
995	28	43	11	60
996	29	44	2	71
997	29	44	4	69
998	29	44	6	67
999	29	44	8	65
1000	29	44	10	63
1001	29	44	12	61
1002	30	45	3	72
1003	30	45	5	70
1004	30	45	7	68
1005	30	45	9	66
1006	30	45	11	64
1007	30	45	13	62
1008	31	46	6	71
1009	31	46	8	69
1010	31	46	10	67
1011	31	46	12	65
1012	31	46	14	63
1013	32	47	7	72
1014	32	47	9	70
1015	32	47	11	68
1016	32	47	13	66
1017	32	47	15	64
1018	33	48	10	71
1019	33	48	12	69
1020	33	48	14	67
1021	33	48	16	65
1022	34	49	11	72
1023	34	49	13	70
1024	34	49	15	68
1025	34	49	17	66
1026	35	50	14	71
1027	35	50	16	69
1028	35	50	18	67
1029	36	51	15	72
1030	36	51	17	70
1031	36	51	19	68
1032	37	52	18	71
1033	37	52	20	69
1034	38	53	19	72
1035	38	53	21	70
1036	39	54	22	71
1037	40	55	23	72
1038	7	12	1	18
1039	8	13	2	19
1040	9	14	1	22
1041	9	14	3	20
1042	10	15	2	23
1043	10	15	4	21
1044	11	16	1	26
1045	11	16	3	24
1046	11	16	5	22
1047	12	17	2	27
1048	12	17	4	25
1049	12	17	6	23
1050	13	18	1	30
1051	13	18	3	28
1052	13	18	5	26
1053	13	18	7	24
1054	14	19	2	31
1055	14	19	4	29
1056	14	19	6	27
1057	14	19	8	25
1058	15	20	1	34
1059	15	20	3	32
1060	15	20	5	30
1061	15	20	7	28
1062	15	20	9	26
1063	16	21	2	35
1064	16	21	4	33
1065	16	21	6	31
1066	16	21	8	29
1067	16	21	10	27
1068	17	22	1	38
1069	17	22	3	36
1070	17	22	5	34
1071	17	22	7	32
1072	17	22	9	30
1073	17	22	11	28
1074	18	23	2	39
1075	18	23	4	37
1076	18	23	6	35
1077	18	23	8	33
1078	18	23	10	31
1079	18	23	12	29
1080	19	24	1	42
1081	19	24	3	40
1082	19	24	5	38
1083	19	24	7	36
1084	19	24	9	34
1085	19	24	11	32
1086	19	24	13	30
1087	20	25	2	43
1088	20	25	4	41
1089	20	25	6	39
1090	20	25	8	37
1091	20	25	10	35
1092	20	25	12	33
1093	20	25	14	31
1094	21	26	1	46
1095	21	26	3	44
1096	21	26	5	42
1097	21	26	7	40
1098	21	26	9	38
1099	21	26	11	36
1100	21	26	13	34
1101	21	26	15	32
1102	22	27	2	47
1103	22	27	4	45
1104	22	27	6	43
1105	22	27	8	41
1106	22	27	10	39
1107	22	27	12	37
1108	22	27	14	35
1109	22	27	16	33
1110	23	28	1	50
1111	23	28	3	48
1112	23	28	5	46
1113	23	28	7	44
1114	23	28	9	42
1115	23	28	11	40
1116	23	28	13	38
1117	23	28	15	36
1118	23	28	17	34
1119	24	29	2	51
1120	24	29	4	49
1121	24	29	6	47
1122	24	29	8	45
1123	24	29	10	43
1124	24	29	12	41
1125	24	29	14	39
1126	24	29	16	37
1127	24	29	18	35
1128	25	30	3	52
1129	25	30	5	50
1130	25	30	7	48
1131	25	30	9	46
1132	25	30	11	44
1133	25	30	13	42
1134	25	30	15	40
1135	25	30	17	38
1136	25	30	19	36
1137	26	31	4	53
1138	26	31	6	51
1139	26	31	8	49
1140	26	31	10	47
1141	26	31	12	45
1142	26	31	14	43
1143	26	31	16	41
1144	26	31	18	39
1145	26	31	20	37
1146	27	32	5	54
1147	27	32	7	52
1148	27	32	9	50
1149	27	32	11	48
1150	27	32	13	46
1151	27	32	15	44
1152	27	32	17	42
1153	27	32	19	40
1154	27	32	21	38
1155	28	33	6	55
1156	28	33	8	53
1157	28	33	10	51
1158	28	33	12	49
1159	28	33	14	47
1160	28	33	16	45
1161	28	33	18	43
1162	28	33	20	41
1163	28	33	22	39
1164	29	34	7	56
1165	29	34	9	54
1166	29	34	11	52
1167	29	34	13	50
1168	29	34	15	48
1169	29	34	17	46
1170	29	34	19	44
1171	29	34	21	42
1172	29	34	23	40
1173	30	35	8	57
1174	30	35	10	55
1175	30	35	12	53
1176	30	35	14	51
1177	30	35	16	49
1178	30	35	18	47
1179	30	35	20	45
1180	30	35	22	43
1181	30	35	24	41
1182	31	36	9	58
1183	31	36	11	56
1184	31	36	13	54
1185	31	36	15	52
1186	31	36	17	50
1187	31	36	19	48
1188	31	36	21	46
1189	31	36	23	44
1190	31	36	25	42
1191	32	37	10	59
1192	32	37	12	57
1193	32	37	14	55
1194	32	37	16	53
1195	32	37	18	51
1196	32	37	20	49
1197	32	37	22	47
1198	32	37	24	45
1199	32	37	26	43
1200	33	38	11	60
1201	33	38	13	58
1202	33	38	15	56
1203	33	38	17	54
1204	33	38	19	52
1205	33	38	21	50
1206	33	38	23	48
1207	33	38	25	46
1208	33	38	27	44
1209	34	39	12	61
1210	34	39	14	59
1211	34	39	16	57
1212	34	39	18	55
1213	34	39	20	53
1214	34	39	22	51
1215	34	39	24	49
1216	34	39	26	47
1217	34	39	28	45
1218	35	40	13	62
1219	35	40	15	60
1220	35	40	17	58
1221	35	40	19	56
1222	35	40	21	54
1223	35	40	23	52
1224	35	40	25	50
1225	35	40	27	48
1226	35	40	29	46
1227	36	41	14	63
1228	36	41	16	61
1229	36	41	18	59
1230	36	41	20	57
1231	36	41	22	55
1232	36	41	24	53
1233	36	41	26	51
1234	36	41	28	49
1235	36	41	30	47
1236	37	42	15	64
1237	37	42	17	62
1238	37	42	19	60
1239	37	42	21	58
1240	37	42	23	56
1241	37	42	25	54
1242	37	42	27	52
1243	37	42	29	50
1244	37	42	31	48
1245	38	43	16	65
1246	38	43	18	63
1247	38	43	20	61
1248	38	43	22	59
1249	38	43	24	57
1250	38	43	26	55
1251	38	43	28	53
1252	38	43	30	51
1253	38	43	32	49
1254	39	44	17	66
1255	39	44	19	64
1256	39	44	21	62
1257	39	44	23	60
1258	39	44	25	58
1259	39	44	27	56
1260	39	44	29	54
1261	39	44	31	52
1262	39	44	33	50
1263	40	45	18	67
1264	40	45	20	65
1265	40	45	22	63
1266	40	45	24	61
1267	40	45	26	59
1268	40	45	28	57
1269	40	45	30	55
1270	40	45	32	53
1271	40	45	34	51
1272	41	46	19	68
1273	41	46	21	66
1274	41	46	23	64
1275	41	46	25	62
1276	41	46	27	60
1277	41	46	29	58
1278	41	46	31	56
1279	41	46	33	54
1280	41	46	35	52
1281	42	47	20	69
1282	42	47	22	67
1283	42	47	24	65
1284	42	47	26	63
1285	42	47	28	61
1286	42	47	30	59
1287	42	47	32	57
1288	42	47	34	55
1289	42	47	36	53
1290	43	48	21	70
1291	43	48	23	68
1292	43	48	25	66
1293	43	48	27	64
1294	43	48	29	62
1295	43	48	31	60
1296	43	48	33	58
1297	43	48	35	56
1298	43	48	37	54
1299	44	49	22	71
1300	44	49	24	69
1301	44	49	26	67
1302	44	49	28	65
1303	44	49	30	63
1304	44	49	32	61
1305	44	49	34	59
1306	44	49	36	57
1307	44	49	38	55
1308	45	50	23	72
1309	45	50	25	70
1310	45	50	27	68
1311	45	50	29	66
1312	45	50	31	64
1313	45	50	33	62
1314	45	50	35	60
1315	45	50	37	58
1316	45	50	39	56
1317	46	51	26	71
1318	46	51	28	69
1319	46	51	30	67
1320	46	51	32	65
1321	46	51	34	63
1322	46	51	36	61
1323	46	51	38	59
1324	46	51	40	57
1325	47	52	27	72
1326	47	52	29	70
1327	47	52	31	68
1328	47	52	33	66
1329	47	52	35	64
1330	47	52	37	62
1331	47	52	39	60
1332	47	52	41	58
1333	48	53	30	71
1334	48	53	32	69
1335	48	53	34	67
1336	48	53	36	65
1337	48	53	38	63
1338	48	53	40	61
1339	48	53	42	59
1340	49	54	31	72
1341	49	54	33	70
1342	49	54	35	68
1343	49	54	37	66
1344	49	54	39	64
1345	49	54	41	62
1346	49	54	43	60
1347	50	55	34	71
1348	50	55	36	69
1349	50	55	38	67
1350	50	55	40	65
1351	50	55	42	63
1352	50	55	44	61
1353	51	56	35	72
1354	51	56	37	70
1355	51	56	39	68
1356	51	56	41	66
1357	51	56	43	64
1358	51	56	45	62
1359	52	57	38	71
1360	52	57	40	69
1361	52	57	42	67
1362	52	57	44	65
1363	52	57	46	63
1364	53	58	39	72
1365	53	58	41	70
1366	53	58	43	68
1367	53	58	45	66
1368	53	58	47	64
1369	54	59	42	71
1370	54	59	44	69
1371	54	59	46	67
1372	54	59	48	65
1373	55	60	43	72
1374	55	60	45	70
1375	55	60	47	68
1376	55	60	49	66
1377	56	61	46	71
1378	56	61	48	69
1379	56	61	50	67
1380	57	62	47	72
1381	57	62	49	70
1382	57	62	51	68
1383	58	63	50	71
1384	58	63	52	69
1385	59	64	51	72
1386	59	64	53	70
1387	60	65	54	71
1388	61	66	55	72
1389	2	3	1	4
1390	3	4	1	6
1391	3	4	2	5
1392	4	5	1	8
1393	4	5	2	7
1394	4	5	3	6
1395	5	6	1	10
1396	5	6	2	9
1397	5	6	3	8
1398	5	6	4	7
1399	6	7	1	12
1400	6	7	2	11
1401	6	7	3	10
1402	6	7	4	9
1403	6	7	5	8
1404	7	8	1	14
1405	7	8	2	13
1406	7	8	3	12
1407	7	8	4	11
1408	7	8	5	10
1409	7	8	6	9
1410	8	9	1	16
1411	8	9	2	15
1412	8	9	3	14
1413	8	9	4	13
1414	8	9	5	12
1415	8	9	6	11
1416	8	9	7	10
1417	9	10	1	18
1418	9	10	2	17
1419	9	10	3	16
1420	9	10	4	15
1421	9	10	5	14
1422	9	10	6	13
1423	9	10	7	12
1424	9	10	8	11
1425	10	11	2	19
1426	10	11	3	18
1427	10	11	4	17
1428	10	11	5	16
1429	10	11	6	15
1430	10	11	7	14
1431	10	11	8	13
1432	10	11	9	12
1433	11	12	3	20
1434	11	12	4	19
1435	11	12	5	18
1436	11	12	6	17
1437	11	12	7	16
1438	11	12	8	15
1439	11	12	9	14
1440	11	12	10	13
1441	12	13	4	21
1442	12	13	5	20
1443	12	13	6	19
1444	12	13	7	18
1445	12	13	8	17
1446	12	13	9	16
1447	12	13	10	15
1448	12	13	11	14
1449	13	14	5	22
1450	13	14	6	21
1451	13	14	7	20
1452	13	14	8	19
1453	13	14	9	18
1454	13	14	10	17
1455	13	14	11	16
1456	13	14	12	15
1457	14	15	6	23
1458	14	15	7	22
1459	14	15	8	21
1460	14	15	9	20
1461	14	15	10	19
1462	14	15	11	18
1463	14	15	12	17
1464	14	15	13	16
1465	15	16	7	24
1466	15	16	8	23
1467	15	16	9	22
1468	15	16	10	21
1469	15	16	11	20
1470	15	16	12	19
1471	15	16	13	18
1472	15	16	14	17
1473	16	17	8	25
1474	16	17	9	24
1475	16	17	10	23
1476	16	17	11	22
1477	16	17	12	21
1478	16	17	13	20
1479	16	17	14	19
1480	16	17	15	18
1481	17	18	9	26
1482	17	18	10	25
1483	17	18	11	24
1484	17	18	12	23
1485	17	18	13	22
1486	17	18	14	21
1487	17	18	15	20
1488	17	18	16	19
1489	18	19	10	27
1490	18	19	11	26
1491	18	19	12	25
1492	18	19	13	24
1493	18	19	14	23
1494	18	19	15	22
1495	18	19	16	21
1496	18	19	17	20
1497	19	20	11	28
1498	19	20	12	27
1499	19	20	13	26
1500	19	20	14	25
1501	19	20	15	24
1502	19	20	16	23
1503	19	20	17	22
1504	19	20	18	21
1505	20	21	12	29
1506	20	21	13	28
1507	20	21	14	27
1508	20	21	15	26
1509	20	21	16	25
1510	20	21	17	24
1511	20	21	18	23
1512	20	21	19	22
1513	21	22	13	30
1514	21	22	14	29
1515	21	22	15	28
1516	21	22	16	27
1517	21	22	17	26
1518	21	22	18	25
1519	21	22	19	24
1520	21	22	20	23
1521	22	23	14	31
1522	22	23	15	30
1523	22	23	16	29
1524	22	23	17	28
1525	22	23	18	27
1526	22	23	19	26
1527	22	23	20	25
1528	22	23	21	24
1529	23	24	15	32
1530	23	24	16	31
1531	23	24	17	30
1532	23	24	18	29
1533	23	24	19	28
1534	23	24	20	27
1535	23	24	21	26
1536	23	24	22	25
1537	24	25	16	33
1538	24	25	17	32
1539	24	25	18	31
1540	24	25	19	30
1541	24	25	20	29
1542	24	25	21	28
1543	24	25	22	27
1544	24	25	23	26
1545	25	26	17	34
1546	25	26	18	33
1547	25	26	19	32
1548	25	26	20	31
1549	25	26	21	30
1550	25	26	22	29
1551	25	26	23	28
1552	25	26	24	27
1553	26	27	18	35
1554	26	27	19	34
1555	26	27	20	33
1556	26	27	21	32
1557	26	27	22	31
1558	26	27	23	30
1559	26	27	24	29
1560	26	27	25	28
1561	27	28	19	36
1562	27	28	20	35
1563	27	28	21	34
1564	27	28	22	33
1565	27	28	23	32
1566	27	28	24	31
1567	27	28	25	30
1568	27	28	26	29
1569	28	29	20	37
1570	28	29	21	36
1571	28	29	22	35
1572	28	29	23	34
1573	28	29	24	33
1574	28	29	25	32
1575	28	29	26	31
1576	28	29	27	30
1577	29	30	21	38
1578	29	30	22	37
1579	29	30	23	36
1580	29	30	24	35
1581	29	30	25	34
1582	29	30	26	33
1583	29	30	27	32
1584	29	30	28	31
1585	30	31	22	39
1586	30	31	23	38
1587	30	31	24	37
1588	30	31	25	36
1589	30	31	26	35
1590	30	31	27	34
1591	30	31	28	33
1592	30	31	29	32
1593	31	32	23	40
1594	31	32	24	39
1595	31	32	25	38
1596	31	32	26	37
1597	31	32	27	36
1598	31	32	28	35
1599	31	32	29	34
1600	31	32	30	33
1601	32	33	24	41
1602	32	33	25	40
1603	32	33	26	39
1604	32	33	27	38
1605	32	33	28	37
1606	32	33	29	36
1607	32	33	30	35
1608	32	33	31	34
1609	33	34	25	42
1610	33	34	26	41
1611	33	34	27	40
1612	33	34	28	39
1613	33	34	29	38
1614	33	34	30	37
1615	33	34	31	36
1616	33	34	32	35
1617	34	35	26	43
1618	34	35	27	42
1619	34	35	28	41
1620	34	35	29	40
1621	34	35	30	39
1622	34	35	31	38
1623	34	35	32	37
1624	34	35	33	36
1625	35	36	27	44
1626	35	36	28	43
1627	35	36	29	42
1628	35	36	30	41
1629	35	36	31	40
1630	35	36	32	39
1631	35	36	33	38
1632	35	36	34	37
1633	36	37	28	45
1634	36	37	29	44
1635	36	37	30	43
1636	36	37	31	42
1637	36	37	32	41
1638	36	37	33	40
1639	36	37	34	39
1640	36	37	35	38
1641	37	38	29	46
1642	37	38	30	45
1643	37	38	31	44
1644	37	38	32	43
1645	37	38	33	42
1646	37	38	34	41
1647	37	38	35	40
1648	37	38	36	39
1649	38	39	30	47
1650	38	39	31	46
1651	38	39	32	45
1652	38	39	33	44
1653	38	39	34	43
1654	38	39	35	42
1655	38	39	36	41
1656	38	39	37	40
1657	39	40	31	48
1658	39	40	32	47
1659	39	40	33	46
1660	39	40	34	45
1661	39	40	35	44
1662	39	40	36	43
1663	39	40	37	42
1664	39	40	38	41
1665	40	41	32	49
1666	40	41	33	48
1667	40	41	34	47
1668	40	41	35	46
1669	40	41	36	45
1670	40	41	37	44
1671	40	41	38	43
1672	40	41	39	42
1673	41	42	33	50
1674	41	42	34	49
1675	41	42	35	48
1676	41	42	36	47
1677	41	42	37	46
1678	41	42	38	45
1679	41	42	39	44
1680	41	42	40	43
1681	42	43	34	51
1682	42	43	35	50
1683	42	43	36	49
1684	42	43	37	48
1685	42	43	38	47
1686	42	43	39	46
1687	42	43	40	45
1688	42	43	41	44
1689	43	44	35	52
1690	43	44	36	51
1691	43	44	37	50
1692	43	44	38	49
1693	43	44	39	48
1694	43	44	40	47
1695	43	44	41	46
1696	43	44	42	45
1697	44	45	36	53
1698	44	45	37	52
1699	44	45	38	51
1700	44	45	39	50
1701	44	45	40	49
1702	44	45	41	48
1703	44	45	42	47
1704	44	45	43	46
1705	45	46	37	54
1706	45	46	38	53
1707	45	46	39	52
1708	45	46	40	51
1709	45	46	41	50
1710	45	46	42	49
1711	45	46	43	48
1712	45	46	44	47
1713	46	47	38	55
1714	46	47	39	54
1715	46	47	40	53
1716	46	47	41	52
1717	46	47	42	51
1718	46	47	43	50
1719	46	47	44	49
1720	46	47	45	48
1721	47	48	39	56
1722	47	48	40	55
1723	47	48	41	54
1724	47	48	42	53
1725	47	48	43	52
1726	47	48	44	51
1727	47	48	45	50
1728	47	48	46	49
1729	48	49	40	57
1730	48	49	41	56
1731	48	49	42	55
1732	48	49	43	54
1733	48	49	44	53
1734	48	49	45	52
1735	48	49	46	51
1736	48	49	47	50
1737	49	50	41	58
1738	49	50	42	57
1739	49	50	43	56
1740	49	50	44	55
1741	49	50	45	54
1742	49	50	46	53
1743	49	50	47	52
1744	49	50	48	51
1745	50	51	42	59
1746	50	51	43	58
1747	50	51	44	57
1748	50	51	45	56
1749	50	51	46	55
1750	50	51	47	54
1751	50	51	48	53
1752	50	51	49	52
1753	51	52	43	60
1754	51	52	44	59
1755	51	52	45	58
1756	51	52	46	57
1757	51	52	47	56
1758	51	52	48	55
1759	51	52	49	54
1760	51	52	50	53
1761	52	53	44	61
1762	52	53	45	60
1763	52	53	46	59
1764	52	53	47	58
1765	52	53	48	57
1766	52	53	49	56
1767	52	53	50	55
1768	52	53	51	54
1769	53	54	45	62
1770	53	54	46	61
1771	53	54	47	60
1772	53	54	48	59
1773	53	54	49	58
1774	53	54	50	57
1775	53	54	51	56
1776	53	54	52	55
1777	54	55	46	63
1778	54	55	47	62
1779	54	55	48	61
1780	54	55	49	60
1781	54	55	50	59
1782	54	55	51	58
1783	54	55	52	57
1784	54	55	53	56
1785	55	56	47	64
1786	55	56	48	63
1787	55	56	49	62
1788	55	56	50	61
1789	55	56	51	60
1790	55	56	52	59
1791	55	56	53	58
1792	55	56	54	57
1793	56	57	48	65
1794	56	57	49	64
1795	56	57	50	63
1796	56	57	51	62
1797	56	57	52	61
1798	56	57	53	60
1799	56	57	54	59
1800	56	57	55	58
1801	57	58	49	66
1802	57	58	50	65
1803	57	58	51	64
1804	57	58	52	63
1805	57	58	53	62
1806	57	58	54	61
1807	57	58	55	60
1808	57	58	56	59
1809	58	59	50	67
1810	58	59	51	66
1811	58	59	52	65
1812	58	59	53	64
1813	58	59	54	63
1814	58	59	55	62
1815	58	59	56	61
1816	58	59	57	60
1817	59	60	51	68
1818	59	60	52	67
1819	59	60	53	66
1820	59	60	54	65
1821	59	60	55	64
1822	59	60	56	63
1823	59	60	57	62
1824	59	60	58	61
1825	60	61	52	69
1826	60	61	53	68
1827	60	61	54	67
1828	60	61	55	66
1829	60	61	56	65
1830	60	61	57	64
1831	60	61	58	63
1832	60	61	59	62
1833	61	62	53	70
1834	61	62	54	69
1835	61	62	55	68
1836	61	62	56	67
1837	61	62	57	66
1838	61	62	58	65
1839	61	62	59	64
1840	61	62	60	63
1841	62	63	54	71
1842	62	63	55	70
1843	62	63	56	69
1844	62	63	57	68
1845	62	63	58	67
1846	62	63	59	66
1847	62	63	60	65
1848	62	63	61	64
1849	63	64	55	72
1850	63	64	56	71
1851	63	64	57	70
1852	63	64	58	69
1853	63	64	59	68
1854	63	64	60	67
1855	63	64	61	66
1856	63	64	62	65
1857	64	65	57	72
1858	64	65	58	71
1859	64	65	59	70
1860	64	65	60	69
1861	64	65	61	68
1862	64	65	62	67
1863	64	65	63	66
1864	65	66	59	72
1865	65	66	60	71
1866	65	66	61	70
1867	65	66	62	69
1868	65	66	63	68
1869	65	66	64	67
1870	66	67	61	72
1871	66	67	62	71
1872	66	67	63	70
1873	66	67	64	69
1874	66	67	65	68
1875	67	68	63	72
1876	67	68	64	71
1877	67	68	65	70
1878	67	68	66	69
1879	68	69	65	72
1880	68	69	66	71
1881	68	69	67	70
1882	69	70	67	72
1883	69	70	68	71
1884	70	71	69	72
